71.728 11.202 118.985
71.474 11.002 120.44
71.348 9.504 120.754
72.102 8.694 120.254
70.159 11.732 120.715
70.337 13.227 120.443
68.779 14.09 120.767
69.384 15.771 120.478
70.427 9.135 121.606
70.285 7.695 121.979
71.601 7.162 122.549
71.999 6.045 122.283
69.929 6.976 120.678
68.51 7.358 120.255
68.235 6.824 118.848
68.802 5.715 118.459
67.489 7.42 118.096
72.27 7.951 123.341
73.554 7.497 123.946
73.818 8.284 125.233
73.057 9.157 125.598
74.617 7.808 122.892
75.625 6.659 122.823
75.199 5.518 122.898
76.805 6.94 122.689
74.891 8.0 125.918
75.179 8.76 127.167
75.009 10.259 126.907
75.498 10.789 125.929
76.632 8.433 127.508
77.044 9.224 128.614
74.239 10.926 127.723
73.945 12.366 127.466
74.144 13.186 128.743
74.817 12.764 129.663
72.48 12.4 127.026
72.333 11.681 125.683
71.678 11.751 128.003
73.66 14.398 128.762
73.929 15.287 129.929
72.677 15.443 130.802
72.095 16.507 130.882
74.326 16.628 129.313
73.415 16.954 128.271
72.352 14.435 131.568
71.249 14.575 132.567
71.797 14.295 133.965
71.15 13.689 134.797
70.207 13.528 132.17
68.828 14.182 132.076
68.771 15.355 131.748
67.851 13.497 132.334
73.045 14.598 134.156
73.744 14.214 135.418
73.177 14.977 136.623
73.2 14.488 137.736
75.201 14.611 135.178
75.747 13.854 133.966
77.012 14.552 133.462
76.089 12.419 134.368
72.879 16.236 136.45
72.56 17.092 137.632
71.304 16.594 138.356
70.331 16.219 137.733
72.321 18.487 137.055
73.642 19.059 136.535
71.769 19.403 138.149
73.35 20.195 135.552
71.377 16.616 139.662
70.245 16.181 140.506
69.267 17.344 140.697
69.468 18.422 140.172
70.911 15.821 141.829
72.173 16.632 141.877
72.525 17.042 140.465
68.247 17.162 141.493
67.307 18.29 141.761
68.025 19.393 142.547
68.581 19.142 143.597
66.183 17.681 142.602
67.991 20.581 142.007
68.652 21.736 142.664
67.855 22.188 143.893
66.666 22.427 143.811
68.654 22.809 141.581
67.517 22.454 140.676
67.34 20.959 140.747
68.544 22.28 144.999
67.906 22.698 146.272
67.667 24.208 146.316
68.057 24.944 145.43
68.919 22.293 147.333
70.24 22.263 146.629
69.975 22.003 145.167
67.022 24.665 147.355
66.732 26.118 147.498
68.014 26.9 147.817
67.978 28.086 148.074
65.737 26.179 148.663
66.48 26.269 150.0
66.392 27.7 150.536
65.834 25.311 151.005
69.126 26.22 147.916
70.383 26.897 148.349
70.62 28.171 147.54
71.165 29.139 148.033
71.492 25.878 148.094
72.754 26.531 148.156
70.142 28.209 146.335
70.256 29.462 145.533
68.993 30.297 145.691
68.516 30.907 144.755
70.399 29.024 144.084
69.1 28.375 143.606
69.214 28.046 142.115
68.461 29.096 141.297
69.504 30.073 140.876
68.335 30.142 146.793
66.97 30.719 146.923
66.701 31.212 148.352
65.607 31.053 148.856
66.048 29.547 146.586
64.636 30.059 146.301
66.588 28.815 145.353
67.695 31.812 148.965
67.518 32.335 150.336
66.755 33.664 150.306
66.387 34.147 149.255
68.944 32.523 150.843
69.785 32.693 149.616
69.056 32.047 148.459
66.427 34.206 151.45
65.587 35.44 151.469
66.111 36.436 152.514
66.768 36.066 153.467
64.169 34.946 151.809
63.815 35.247 153.272
63.175 36.633 153.369
62.824 34.197 153.779
65.912 37.704 152.276
66.49 38.743 153.178
65.892 38.636 154.583
64.729 38.332 154.755
66.108 40.074 152.534
66.937 41.201 153.151
68.422 40.925 152.91
69.316 41.591 153.588
68.773 40.098 152.09
66.671 38.934 155.587
66.148 38.911 156.98
65.044 39.953 157.146
64.297 40.241 156.234
67.354 39.258 157.858
68.434 38.186 157.695
68.144 37.009 158.632
66.966 36.899 159.185
69.002 36.18 158.865
64.909 40.475 158.326
63.815 41.46 158.598
64.256 42.88 158.219
63.874 43.843 158.848
63.543 41.373 160.107
64.858 41.248 160.889
65.944 41.82 160.44
64.897 40.619 161.928
65.071 43.011 157.206
65.563 44.361 156.805
64.386 45.335 156.652
63.253 44.921 156.513
66.25 44.125 155.461
67.357 45.131 155.285
67.05 46.48 155.074
68.693 44.717 155.35
68.08 47.417 154.925
69.723 45.654 155.204
69.417 47.004 154.992
64.616 46.613 156.834
63.463 47.569 156.868
63.329 48.305 155.541
64.281 48.493 154.812
63.752 48.596 157.967
64.773 48.062 158.963
64.376 46.661 159.422
65.257 45.705 159.354
63.259 46.437 159.84
62.151 48.771 155.266
61.912 49.555 154.017
62.522 50.946 154.134
62.85 51.577 153.148
60.387 49.667 153.865
59.72 49.804 155.238
59.652 50.915 155.736
59.287 48.793 155.765
62.44 51.509 155.297
62.747 52.958 155.443
64.214 53.237 155.108
64.57 54.335 154.731
62.449 53.279 156.91
63.616 52.822 157.79
63.594 51.627 158.314
64.556 53.562 158.003
65.068 52.258 155.23
66.502 52.491 154.904
66.906 51.694 153.665
67.943 51.922 153.073
67.263 52.002 156.133
68.72 51.756 155.755
69.533 51.439 157.011
70.688 50.843 156.892
69.115 51.738 158.112
66.127 50.72 153.313
66.493 49.85 152.16
66.38 50.618 150.846
66.982 50.265 149.852
65.492 48.697 152.189
65.872 47.686 151.136
65.374 47.805 149.832
66.733 46.633 151.463
65.737 46.868 148.856
67.096 45.697 150.489
66.598 45.814 149.185
65.503 51.572 150.801
65.217 52.263 149.51
66.489 52.919 148.959
67.187 53.623 149.662
64.168 53.321 149.855
64.742 54.308 150.874
64.714 55.719 150.283
65.078 55.9 149.043
64.352 56.665 150.955
66.868 52.583 147.753
68.178 53.071 147.228
68.253 52.907 145.708
67.255 52.927 145.018
69.445 52.839 145.181
69.618 52.778 143.697
70.653 51.712 143.324
71.829 51.874 143.577
70.143 54.16 143.313
70.515 54.174 141.828
71.153 55.519 141.477
71.582 55.516 140.01
72.128 56.881 139.768
70.236 50.599 142.773
71.226 49.515 142.47
71.659 49.576 141.01
70.952 50.075 140.157
70.517 48.178 142.691
69.623 48.206 143.894
68.545 47.407 144.063
69.715 49.026 145.094
68.656 48.673 145.961
70.602 50.031 145.511
67.972 47.682 145.291
68.488 49.292 147.197
70.434 50.657 146.752
69.379 50.286 147.594
72.745 48.93 140.704
73.163 48.783 139.284
72.833 47.371 138.795
73.217 46.391 139.4
74.668 48.999 139.322
74.949 50.469 139.161
74.215 51.403 139.903
75.931 50.901 138.264
74.467 52.772 139.75
76.183 52.27 138.11
75.453 53.205 138.854
75.703 54.554 138.702
72.065 47.252 137.749
71.652 45.897 137.29
72.867 45.133 136.759
73.648 45.661 135.993
70.638 46.162 136.182
70.006 44.84 135.744
69.552 47.1 136.718
73.167 44.009 137.353
74.488 43.361 137.079
74.333 41.91 136.59
75.286 41.307 136.137
75.224 43.411 138.422
76.584 42.721 138.298
75.434 44.872 138.827
73.135 41.39 136.531
72.955 40.04 135.901
71.465 39.738 135.72
70.625 40.416 136.269
71.123 38.806 134.857
69.68 38.587 134.553
69.415 37.121 134.174
70.002 36.591 133.256
69.406 39.523 133.372
68.078 39.163 132.71
68.282 37.947 131.81
67.038 38.84 133.784
68.531 36.464 134.874
68.238 35.035 134.557
66.762 34.72 134.836
66.263 34.997 135.903
69.139 34.241 135.506
66.099 34.021 133.952
64.713 33.569 134.275
64.223 32.579 133.215
64.863 32.363 132.204
63.116 31.933 133.473
62.602 30.9 132.52
61.937 31.565 131.314
61.827 30.984 130.253
61.563 30.113 133.321
60.366 31.017 133.626
59.167 30.501 133.687
60.521 32.209 133.806
61.456 32.762 131.485
60.752 33.452 130.368
61.615 34.598 129.854
61.128 35.557 129.288
59.462 33.983 130.99
62.882 34.55 130.142
63.776 35.68 129.781
64.48 35.397 128.452
64.89 34.287 128.182
64.786 35.748 130.921
64.058 36.067 132.232
65.82 36.832 130.62
65.061 36.564 133.274
64.57 36.375 127.594
65.185 36.134 126.256
66.653 36.565 126.25
66.974 37.683 125.898
64.378 37.003 125.292
62.972 36.425 125.134
62.064 37.467 124.479
63.033 35.178 124.249
67.554 35.651 126.485
68.995 35.986 126.319
69.492 35.465 124.968
69.719 34.284 124.795
69.706 35.264 127.464
71.201 35.585 127.421
72.002 34.297 127.626
72.394 33.879 126.251
72.61 32.62 125.976
72.497 31.711 126.908
72.943 32.271 124.764
69.693 36.337 124.018
70.209 35.883 122.695
71.617 36.427 122.465
71.879 37.599 122.65
69.241 36.453 121.656
67.957 35.62 121.637
67.133 35.982 120.399
67.638 36.722 119.57
66.012 35.51 120.3
72.506 35.601 121.993
73.873 36.089 121.67
73.781 37.187 120.608
74.47 38.185 120.666
74.611 34.864 121.126
76.112 35.152 121.071
76.475 36.317 121.098
76.876 34.202 121.005
72.918 37.011 119.646
72.753 38.044 118.584
72.281 39.362 119.19
72.653 40.433 118.755
71.689 37.478 117.649
72.223 36.217 116.969
71.151 35.652 116.033
69.899 35.302 116.843
68.927 34.765 115.849
71.394 39.283 120.132
70.803 40.525 120.712
70.957 40.53 122.237
70.041 40.186 122.958
69.324 40.484 120.318
68.693 41.86 120.543
68.345 42.152 121.676
68.566 42.596 119.579
72.123 40.928 122.67
72.427 40.996 124.123
71.638 42.131 124.785
71.313 43.12 124.157
73.927 41.285 124.16
74.224 41.934 122.847
73.261 41.351 121.848
71.307 41.988 126.04
70.518 43.052 126.727
71.456 44.062 127.393
72.238 43.718 128.257
69.696 42.32 127.79
68.814 43.329 128.532
68.023 42.617 129.632
66.809 42.206 129.385
68.514 42.436 130.728
71.305 45.321 127.086
72.102 46.359 127.802
71.626 46.451 129.253
70.446 46.362 129.531
71.806 47.668 127.067
72.245 47.556 125.605
71.93 48.867 124.882
72.307 48.743 123.404
73.795 48.727 123.386
72.524 46.612 130.185
72.096 46.681 131.612
71.52 48.066 131.917
71.939 49.059 131.357
73.369 46.435 132.428
74.201 47.72 132.509
75.511 47.521 133.743
74.547 47.986 135.202
70.635 48.151 132.866
70.122 49.485 133.279
70.197 49.625 134.794
70.934 48.924 135.459
68.668 49.531 132.809
67.951 48.279 133.247
67.448 48.184 134.55
67.783 47.216 132.352
66.777 47.025 134.959
67.113 46.057 132.76
66.61 45.962 134.064
65.949 44.82 134.467
69.467 50.548 135.339
69.528 50.764 136.806
68.121 50.92 137.379
67.197 51.316 136.697
70.333 52.049 136.981
67.948 50.618 138.633
66.596 50.753 139.242
66.714 51.243 140.686
67.542 50.784 141.447
65.997 49.349 139.178
64.774 49.256 140.094
65.61 49.065 137.841
65.919 52.209 141.046
66.011 52.786 142.416
64.783 52.405 143.239
63.66 52.524 142.791
66.071 54.297 142.198
67.357 54.643 141.45
66.063 55.012 143.55
67.247 56.049 140.861
64.992 51.923 144.432
63.841 51.498 145.276
63.515 52.597 146.286
64.314 52.933 147.136
64.329 50.231 145.977
64.508 49.147 144.943
65.672 49.113 144.163
63.506 48.187 144.749
65.834 48.119 143.19
63.67 47.19 143.777
64.834 47.158 142.997
64.995 46.178 142.037
62.371 53.204 146.152
62.016 54.334 147.046
60.755 53.989 147.832
59.683 53.853 147.278
61.761 55.512 146.104
61.383 56.751 146.916
61.13 57.923 145.965
61.417 57.777 144.788
60.649 58.944 146.428
60.872 53.841 149.119
59.674 53.502 149.933
58.844 54.762 150.192
59.344 55.868 150.161
60.213 52.921 151.248
59.133 53.007 152.326
58.079 51.932 152.063
59.761 52.79 153.703
57.602 54.586 150.538
56.749 55.748 150.909
56.152 55.505 152.297
56.065 54.379 152.745
55.656 55.791 149.838
54.659 56.902 150.165
53.815 57.217 148.927
53.04 55.969 148.498
52.565 56.27 147.119
55.807 56.541 153.015
55.288 56.352 154.41
53.974 55.56 154.42
53.102 55.797 155.232
55.058 57.761 154.94
56.401 58.407 155.288
56.167 59.823 155.817
55.041 60.283 155.743
57.118 60.421 156.292
53.862 54.583 153.576
52.656 53.71 153.576
53.043 52.3 153.123
52.562 51.815 152.118
51.701 54.354 152.572
52.312 54.281 151.171
53.521 54.406 151.068
51.561 54.103 150.227
53.95 51.667 153.831
54.439 50.304 153.433
54.288 50.079 151.923
53.643 49.146 151.487
53.581 49.304 154.218
52.119 49.75 154.226
51.21 48.526 154.135
50.207 48.736 152.999
49.693 47.377 152.678
54.927 50.892 151.125
54.873 50.69 149.646
56.116 51.276 148.989
56.725 52.201 149.485
53.62 51.429 149.179
53.97 52.354 148.157
56.483 50.737 147.872
57.684 51.239 147.153
57.288 51.839 145.811
56.699 51.176 144.98
58.561 50.012 146.904
59.165 49.516 148.191
60.243 50.197 148.767
58.666 48.356 148.793
60.824 49.717 149.946
59.241 47.879 149.974
60.322 48.557 150.55
60.896 48.078 151.708
57.866 52.948 145.477
57.79 53.387 144.061
59.155 53.178 143.409
60.149 53.72 143.85
57.428 54.873 144.104
56.581 55.231 142.879
57.165 55.435 141.727
55.374 55.325 142.969
59.243 52.264 142.487
60.587 51.878 141.968
60.873 52.598 140.652
60.105 52.535 139.715
60.509 50.366 141.745
61.905 49.819 141.435
59.967 49.688 143.007
62.0 53.252 140.567
62.375 53.944 139.31
63.424 53.131 138.566
64.519 52.918 139.039
62.949 55.294 139.746
63.86 55.852 138.65
61.884 56.201 139.976
63.126 52.754 137.371
64.143 52.045 136.554
64.792 53.02 135.576
64.129 53.678 134.801
63.379 50.952 135.809
63.011 49.93 136.724
66.084 53.162 135.658
66.78 54.15 134.786
67.311 53.462 133.528
67.889 52.396 133.59
67.934 54.679 135.635
68.791 55.628 134.797
67.373 55.429 136.844
67.107 54.054 132.384
67.591 53.415 131.128
68.571 54.341 130.406
68.73 55.494 130.752
66.36 53.155 130.242
65.07 53.583 130.946
64.893 55.093 130.796
63.883 52.867 130.299
69.299 53.802 129.474
70.368 54.591 128.797
69.934 54.999 127.386
69.582 54.167 126.571
71.55 53.627 128.728
72.647 54.219 127.877
72.667 53.977 126.499
73.646 55.005 128.465
73.686 54.52 125.707
74.666 55.548 127.673
74.686 55.305 126.294
70.16 56.232 127.032
69.991 56.647 125.621
71.37 56.941 125.038
72.378 56.757 125.688
69.143 57.92 125.668
67.714 57.571 126.097
66.875 58.85 126.153
65.594 58.444 126.797
64.549 59.224 126.726
64.621 60.361 126.087
63.429 58.868 127.295
71.431 57.305 123.8
72.76 57.486 123.149
73.602 58.489 123.929
74.739 58.223 124.266
72.456 58.006 121.742
71.92 56.863 120.877
71.616 57.384 119.47
71.077 56.241 118.606
72.254 55.748 117.836
72.991 59.525 124.406
73.686 60.399 125.392
72.702 60.905 126.445
72.786 62.033 126.891
74.253 61.568 124.584
75.386 61.077 123.681
75.985 62.269 122.928
76.686 61.778 121.661
76.047 62.542 120.552
71.811 60.07 126.901
70.883 60.504 127.972
70.407 59.315 128.803
70.185 58.234 128.3
69.701 61.16 127.252
70.133 62.498 126.649
68.939 63.137 125.936
69.356 64.479 125.324
68.673 65.516 126.151
70.123 59.552 130.047
69.513 58.49 130.897
68.11 58.925 131.337
67.909 60.035 131.789
70.449 58.37 132.1
70.718 56.625 132.497
67.125 58.095 131.124
65.726 58.508 131.439
65.16 57.653 132.575
65.808 56.752 133.069
64.945 58.274 130.146
64.019 59.464 129.886
62.943 59.489 130.463
64.399 60.328 129.115
63.992 57.987 133.055
63.437 57.259 134.232
62.035 56.716 133.934
61.183 57.414 133.423
63.378 58.307 135.341
64.775 58.795 135.637
65.312 59.862 134.905
65.538 58.176 136.634
66.61 60.312 135.173
66.837 58.626 136.903
67.373 59.693 136.172
68.653 60.135 136.435
61.746 55.541 134.421
60.35 55.02 134.368
60.063 54.295 135.682
60.978 53.859 136.351
60.323 54.048 133.188
58.966 54.064 132.559
58.541 54.975 131.653
57.851 53.148 132.771
56.769 53.559 131.956
57.676 52.011 133.582
57.239 54.677 131.294
55.557 52.869 131.947
56.456 51.313 133.575
55.4 51.742 132.759
58.852 54.32 136.162
58.639 53.803 137.545
57.622 52.667 137.592
56.496 52.801 137.157
58.159 54.979 138.403
57.734 56.171 137.535
59.3 55.397 139.322
58.97 56.849 136.94
57.941 51.671 138.37
56.926 50.65 138.753
56.844 50.589 140.28
57.782 50.931 140.965
57.441 49.324 138.189
57.219 49.28 136.674
57.811 47.983 136.114
57.334 47.913 134.704
57.77 46.97 133.913
58.64 46.1 134.349
57.336 46.896 132.684
55.713 50.244 140.824
55.576 50.269 142.309
55.731 48.86 142.885
55.266 47.891 142.315
54.174 50.826 142.56
53.631 50.313 143.896
54.231 52.246 142.584
56.29 48.765 144.064
56.387 47.449 144.763
55.812 47.6 146.166
55.985 48.612 146.798
57.885 47.131 144.853
58.441 46.729 143.504
57.585 46.335 142.466
59.827 46.748 143.296
58.114 45.962 141.226
60.356 46.374 142.055
59.5 45.982 141.019
55.133 46.619 146.666
54.568 46.758 148.035
54.716 45.438 148.791
54.472 44.385 148.245
53.102 47.119 147.806
52.475 46.121 146.833
52.353 47.087 149.137
55.127 45.536 150.025
55.335 44.32 150.85
54.022 43.57 151.07
52.967 44.158 151.202
55.895 44.867 152.16
55.427 46.285 152.204
55.423 46.761 150.775
54.074 42.269 151.007
52.828 41.462 151.099
52.217 41.625 152.484
51.443 42.526 152.74
52.621 40.793 153.391
52.138 40.912 154.797
53.286 41.366 155.69
53.095 41.903 156.763
51.682 39.503 155.178
50.493 38.903 153.954
54.475 41.076 155.272
55.667 41.383 156.09
56.851 41.701 155.184
56.75 41.626 153.975
55.929 40.115 156.896
55.398 38.886 156.152
55.941 37.617 156.81
57.075 37.118 156.399
55.33 37.074 157.709
57.936 42.052 155.803
59.155 42.394 155.045
59.809 41.13 154.491
59.789 40.084 155.108
60.041 43.075 156.078
59.573 42.561 157.406
58.129 42.147 157.252
60.275 41.188 153.275
60.791 39.958 152.617
59.847 39.564 151.48
60.241 38.921 150.528
58.605 39.965 151.559
57.651 39.633 150.462
56.962 40.897 149.952
56.418 41.667 150.717
56.629 38.688 151.092
55.582 38.305 150.044
54.554 37.361 150.668
54.784 36.918 151.781
53.555 37.092 150.02
56.948 41.098 148.662
56.255 42.293 148.105
55.483 41.895 146.844
55.722 40.862 146.265
57.364 43.288 147.749
58.377 43.368 148.871
59.226 42.284 149.135
58.469 44.531 149.648
60.161 42.362 150.174
59.406 44.607 150.687
60.251 43.523 150.95
54.646 42.754 146.357
53.965 42.478 145.061
54.074 43.696 144.15
54.514 44.751 144.559
52.496 42.184 145.393
52.124 42.751 146.766
51.668 42.771 144.4
53.707 43.546 142.911
53.827 44.684 141.954
52.451 45.108 141.447
51.624 44.284 141.108
54.659 44.152 140.787
54.337 44.962 139.531
55.574 45.061 138.638
53.202 44.267 138.779
52.262 46.378 141.239
51.012 46.831 140.573
49.837 46.74 141.536
49.904 47.165 142.673
48.812 46.069 141.116
47.666 45.788 142.005
47.032 44.492 141.537
45.939 44.479 141.005
46.703 46.959 141.826
47.044 48.066 142.823
46.211 48.332 143.791
48.076 48.699 142.718
47.825 43.465 141.481
47.391 42.245 140.758
46.042 41.775 141.295
45.279 41.128 140.605
48.483 41.217 141.038
47.999 39.827 140.605
48.825 41.218 142.53
47.132 39.199 141.702
45.686 42.209 142.47
44.331 41.916 142.985
43.29 42.685 142.164
42.234 42.178 141.841
44.357 42.421 144.426
43.487 41.522 145.294
43.49 42.038 146.734
42.816 41.008 147.644
41.386 40.991 147.222
43.572 43.925 141.862
42.599 44.762 141.107
42.881 44.714 139.602
42.323 45.481 138.842
42.808 46.18 141.637
42.257 46.279 142.943
43.89 43.996 139.197
44.364 44.125 137.791
43.684 43.099 136.879
43.323 42.02 137.305
45.869 43.875 137.857
46.598 45.196 137.786
46.2 46.261 138.605
47.663 45.362 136.892
46.87 47.489 138.532
48.331 46.591 136.817
47.934 47.655 137.637
48.593 48.865 137.565
43.528 43.496 135.645
42.877 42.632 134.628
43.81 41.53 134.141
43.626 40.363 134.428
42.569 43.6 133.488
43.545 44.726 133.64
43.945 44.788 135.091
44.722 41.886 133.298
45.588 40.863 132.642
46.832 40.582 133.486
47.65 39.753 133.139
46.915 41.155 134.651
48.028 40.789 135.571
47.509 39.798 136.617
46.44 39.981 137.167
48.461 42.104 136.222
49.884 41.966 136.77
50.743 43.118 136.247
49.849 42.016 138.298
48.117 38.647 136.708
47.485 37.552 137.497
48.12 37.402 138.887
47.423 37.247 139.871
47.706 36.297 136.65
47.279 35.059 137.434
46.934 36.393 135.461
49.423 37.393 138.988
50.052 37.183 140.323
51.487 37.698 140.313
52.348 37.131 139.678
50.034 35.671 140.536
48.821 35.3 141.178
51.743 38.79 140.973
53.119 39.367 140.952
53.707 39.383 142.369
53.346 40.203 143.188
52.927 40.792 140.436
53.968 41.095 139.387
55.326 41.126 139.732
53.575 41.339 138.066
56.289 41.403 138.753
54.539 41.617 137.088
55.895 41.649 137.432
56.845 41.922 136.468
54.624 38.499 142.657
55.244 38.486 144.015
56.752 38.732 143.908
57.419 38.198 143.044
54.959 37.086 144.571
55.382 36.998 146.044
56.898 36.814 146.133
54.981 38.278 146.787
57.288 39.549 144.771
58.745 39.853 144.724
59.391 39.492 146.06
58.904 39.855 147.113
58.831 41.359 144.489
60.266 41.739 144.121
57.889 41.748 143.352
60.52 38.85 146.027
61.237 38.552 147.296
62.743 38.603 147.064
63.328 37.674 146.544
60.809 37.135 147.682
61.656 36.656 148.863
61.346 35.187 149.16
60.277 35.223 150.197
59.691 34.119 150.575
60.027 32.978 150.035
58.768 34.157 151.496
63.393 39.644 147.501
64.869 39.685 147.348
65.496 38.541 148.135
65.027 38.169 149.193
65.304 41.05 147.886
66.511 40.902 148.818
65.69 41.926 146.7
66.496 37.922 147.586
67.083 36.737 148.27
68.033 37.183 149.382
67.724 37.077 150.553
67.823 35.973 147.168
69.019 35.231 147.763
66.865 34.957 146.542
69.154 37.74 149.027
70.084 38.256 150.066
70.791 39.506 149.553
71.308 39.535 148.452
71.088 37.129 150.303
71.934 37.476 151.393
70.787 40.554 150.32
71.424 41.804 149.848
72.799 41.973 150.489
72.992 41.706 151.658
70.479 42.919 150.287
69.139 42.754 149.57
70.282 42.844 151.692
73.698 42.579 149.776
74.995 42.96 150.375
75.274 44.414 150.019
76.034 44.713 149.12
76.027 42.021 149.752
77.306 42.048 150.59
78.444 41.738 150.032
77.269 42.354 151.765
74.438 45.276 150.512
74.382 46.674 149.987
75.771 47.331 149.902
75.926 48.356 149.268
73.502 47.425 150.991
73.889 47.036 152.4
75.166 47.343 152.884
72.972 46.366 153.218
75.527 46.981 154.188
73.332 46.003 154.522
74.609 46.31 155.008
74.965 45.952 156.291
76.801 46.714 150.417
78.163 47.282 150.212
78.802 46.646 148.979
79.853 47.055 148.526
78.946 46.919 151.474
78.929 45.403 151.664
79.631 44.649 150.863
78.269 44.898 152.55
78.157 45.663 148.417
78.708 45.015 147.197
77.578 44.666 146.218
77.521 45.177 145.116
79.393 43.747 147.707
80.695 43.521 146.934
81.711 44.601 147.315
82.314 45.274 146.375
81.964 44.83 148.482
76.75 43.717 146.565
75.718 43.243 145.595
74.471 42.713 146.315
74.52 42.323 147.465
76.398 42.111 144.824
76.463 40.879 145.686
75.635 39.789 145.789
77.489 40.662 146.593
77.253 39.482 147.196
76.136 38.908 146.742
73.39 42.573 145.594
72.175 41.929 146.168
71.491 41.064 145.098
71.675 41.269 143.914
71.281 43.095 146.584
70.744 40.07 145.499
70.107 39.168 144.495
68.581 39.197 144.614
68.03 39.202 145.696
70.653 37.774 144.818
72.132 37.704 144.427
72.791 36.06 144.805
72.771 36.205 146.609
67.899 39.256 143.496
66.408 39.344 143.522
65.774 38.091 142.914
66.088 37.708 141.806
66.074 40.576 142.671
64.776 40.351 141.886
65.89 41.778 143.586
64.734 37.602 143.527
63.911 36.553 142.862
62.566 37.147 142.42
61.699 37.407 143.23
63.704 35.481 143.931
62.757 34.432 143.408
63.231 33.418 142.566
61.401 34.475 143.761
62.349 32.448 142.074
60.52 33.503 143.271
60.994 32.49 142.426
62.398 37.391 141.146
61.121 38.009 140.659
60.176 36.931 140.104
60.51 36.219 139.177
61.541 38.955 139.531
61.582 40.377 140.035
60.453 40.941 140.642
62.75 41.135 139.885
60.493 42.264 141.1
62.791 42.458 140.344
61.662 43.023 140.951
58.987 36.831 140.638
58.017 35.825 140.112
56.655 36.478 139.855
56.127 37.185 140.693
57.912 34.77 141.213
56.98 33.643 140.762
57.146 32.446 141.701
56.806 32.87 143.13
57.163 31.694 143.973
56.084 36.257 138.7
54.766 36.884 138.387
54.04 36.109 137.284
54.647 35.422 136.486
55.107 38.297 137.917
56.168 38.229 136.815
57.561 38.336 137.441
58.61 38.526 136.341
59.306 39.796 136.69
52.749 36.274 137.2
51.968 35.619 136.113
51.051 36.641 135.449
50.382 37.41 136.111
51.134 34.535 136.8
50.172 33.906 135.786
52.06 33.455 137.355
50.882 36.539 134.167
49.851 37.37 133.502
48.598 36.523 133.305
48.61 35.339 133.572
50.46 37.766 132.158
50.097 39.107 131.855
47.5 37.141 132.957
46.201 36.409 132.857
46.413 34.903 132.721
45.88 34.116 133.479
45.542 36.963 131.597
44.038 36.716 131.669
43.411 36.959 130.294
42.948 35.944 129.617
43.342 38.08 129.833
47.248 34.507 131.813
47.581 33.061 131.684
49.039 32.866 131.245
49.35 31.95 130.511
46.619 32.526 130.622
46.778 33.333 129.333
45.718 33.819 128.747
47.878 33.527 128.856
49.948 33.654 131.755
51.388 33.427 131.429
52.204 33.307 132.718
51.978 34.023 133.673
51.815 34.659 130.631
50.961 34.761 129.367
51.378 35.989 128.557
50.338 36.111 127.498
50.178 37.239 126.862
50.957 38.254 127.119
49.24 37.348 125.961
53.115 32.375 132.777
53.894 32.187 134.033
55.39 32.37 133.764
56.015 31.567 133.1
53.597 30.754 134.472
54.272 30.484 135.818
53.977 29.05 136.26
53.157 28.411 135.621
54.58 28.613 137.226
55.969 33.415 134.284
57.427 33.645 134.072
58.07 34.184 135.352
57.454 34.905 136.111
57.502 34.683 132.951
56.607 35.853 133.28
55.217 35.72 133.181
57.167 37.071 133.685
54.386 36.806 133.488
56.336 38.156 133.99
54.946 38.023 133.892
54.128 39.093 134.195
59.324 33.892 135.566
60.019 34.451 136.758
61.45 34.848 136.394
62.033 34.327 135.461
60.017 33.33 137.797
60.892 32.191 137.329
62.287 32.326 137.34
60.308 30.993 136.9
63.096 31.263 136.92
61.118 29.93 136.478
62.512 30.066 136.49
61.99 35.821 137.076
63.338 36.321 136.724
64.161 36.551 137.993
63.661 37.017 138.99
63.069 37.642 136.006
64.334 38.491 136.021
64.079 39.802 135.276
65.202 40.795 135.586
65.54 41.421 134.275
65.431 36.282 137.941
66.297 36.549 139.12
67.441 37.476 138.714
68.063 37.285 137.688
66.838 35.182 139.527
65.67 34.227 139.779
67.659 35.324 140.808
66.13 32.787 139.544
67.671 38.531 139.445
68.721 39.492 138.997
69.755 39.743 140.1
69.465 39.66 141.278
67.978 40.785 138.66
68.591 41.413 137.409
66.608 40.494 138.418
70.913 40.205 139.718
71.914 40.653 140.725
72.381 42.059 140.359
72.696 42.333 139.22
73.074 39.655 140.633
74.244 40.147 141.493
73.898 39.981 142.974
75.5 39.33 141.177
72.371 42.968 141.29
72.757 44.365 140.945
73.707 44.944 141.993
74.07 44.292 142.953
71.451 45.167 140.869
70.593 44.947 142.094
71.088 45.23 143.375
69.278 44.484 141.942
70.27 45.047 144.497
68.462 44.305 143.064
68.956 44.586 144.342
68.15 44.41 145.448
74.195 46.13 141.761
75.215 46.7 142.684
74.716 48.013 143.282
74.678 49.04 142.632
74.382 47.987 144.536
73.923 49.22 145.229
75.118 50.111 145.577
74.965 51.184 146.127
73.228 48.697 146.485
73.359 49.709 147.633
72.313 49.44 148.731
71.888 48.015 148.575
70.733 47.616 149.038
69.914 48.471 149.591
70.394 46.357 148.937
76.299 49.706 145.204
77.487 50.568 145.457
78.029 51.11 144.133
77.596 50.719 143.068
78.513 49.65 146.125
77.866 48.941 147.316
78.967 48.687 145.185
78.982 51.998 144.189
79.554 52.554 142.93
80.367 51.479 142.209
80.507 51.495 141.002
80.472 53.689 143.384
81.672 53.095 144.124
82.537 54.221 144.691
83.854 53.633 145.207
84.094 54.303 146.515
80.901 50.539 142.939
81.698 49.461 142.295
81.474 48.132 143.015
81.203 48.093 144.2
83.154 49.905 142.433
83.517 50.02 143.916
84.996 50.386 144.051
85.807 49.478 144.118
85.292 51.569 144.086
81.655 47.042 142.328
81.531 45.72 142.993
82.878 44.989 142.912
83.924 45.604 142.984
80.444 44.979 142.211
79.455 44.341 143.191
78.082 44.227 142.529
79.948 42.946 143.587
82.872 43.695 142.74
84.166 42.959 142.635
84.289 42.305 141.256
83.314 41.876 140.675
84.094 41.893 143.728
83.634 42.536 145.037
83.168 40.887 143.344
85.481 42.207 140.733
85.65 41.562 139.4
85.383 40.062 139.517
84.998 39.41 138.566
87.101 41.83 139.003
87.97 41.195 139.931
85.458 39.545 140.706
85.073 38.122 140.933
83.563 37.968 140.78
83.056 36.895 140.521
85.5 37.812 142.37
85.3 36.32 142.654
85.787 35.999 144.069
86.282 36.902 144.723
85.657 34.856 144.474
82.846 39.013 141.056
81.359 38.924 141.062
80.858 38.364 139.724
79.777 37.818 139.636
80.873 40.365 141.282
80.299 40.943 139.984
78.872 40.421 139.791
80.275 42.471 140.065
81.628 38.517 138.681
81.182 38.015 137.349
81.186 36.49 137.341
80.163 35.864 137.166
82.214 38.558 136.36
82.122 40.084 136.31
83.167 40.627 135.332
82.604 40.591 133.909
82.573 42.014 133.47
82.319 35.89 137.569
82.383 34.403 137.612
81.525 33.878 138.759
80.89 32.847 138.663
83.858 34.073 137.848
84.667 34.425 136.597
86.157 34.234 136.884
86.631 34.804 137.853
86.799 33.525 136.128
81.57 34.553 139.862
80.829 34.086 141.068
79.321 34.051 140.798
78.635 33.134 141.2
81.17 35.114 142.152
80.101 35.098 143.245
78.919 35.583 142.982
80.341 34.641 144.344
78.797 35.025 140.106
77.335 35.004 139.813
77.006 33.822 138.896
76.011 33.148 139.07
77.03 36.332 139.115
75.535 36.468 138.948
74.71 36.534 140.081
74.968 36.512 137.667
73.321 36.647 139.933
73.578 36.625 137.519
72.755 36.692 138.652
77.848 33.55 137.934
77.587 32.396 137.017
77.771 31.076 137.772
76.983 30.161 137.642
78.622 32.506 135.887
78.951 33.985 135.625
78.061 31.854 134.62
79.207 34.241 134.137
78.863 30.934 138.475
79.162 29.629 139.134
78.105 29.311 140.193
77.612 28.204 140.278
80.533 29.818 139.786
80.401 30.682 141.04
81.789 30.895 141.644
81.541 31.533 142.964
82.545 31.832 143.741
83.768 31.587 143.353
82.329 32.379 144.906
77.733 30.281 140.983
76.69 30.035 142.017
75.383 29.626 141.337
74.847 28.565 141.584
76.529 31.378 142.731
76.094 31.153 144.16
74.78 30.757 144.443
77.006 31.347 145.207
74.379 30.555 145.769
76.603 31.145 146.533
75.29 30.748 146.814
74.897 30.442 140.441
73.649 30.091 139.704
73.838 28.789 138.918
72.945 27.971 138.836
73.419 31.261 138.747
73.182 32.442 139.5
74.981 28.601 138.316
75.204 27.363 137.519
75.134 26.129 138.419
74.52 25.139 138.082
76.603 27.51 136.921
76.878 26.333 135.982
78.209 26.554 135.261
78.001 27.525 134.098
76.961 26.884 133.246
75.791 26.165 139.543
75.796 24.974 140.439
74.38 24.64 140.885
73.996 23.492 140.986
76.659 25.373 141.634
78.025 25.389 141.242
73.618 25.64 141.175
72.231 25.416 141.649
71.273 25.364 140.466
70.355 24.573 140.425
71.919 26.633 142.512
72.813 26.616 143.744
73.474 27.986 143.917
71.965 26.295 144.979
71.381 26.323 139.598
70.362 26.466 138.521
70.893 25.903 137.203
70.243 25.994 136.184
72.083 25.362 137.205
72.678 24.836 135.933
72.283 25.755 134.762
71.914 26.895 134.969
72.099 23.417 135.713
71.651 22.748 137.02
72.649 23.028 138.141
70.27 23.269 137.402
72.366 25.231 133.566
72.001 25.998 132.363
70.543 25.705 131.988
70.253 25.253 130.898
72.955 25.437 131.312
73.314 24.051 131.785
72.82 23.894 133.205
69.658 25.774 132.946
68.265 25.29 132.713
67.601 26.061 131.579
66.932 25.501 130.733
67.532 25.556 134.026
68.257 24.843 135.163
67.566 23.511 135.459
66.391 23.395 135.152
68.222 22.631 135.988
67.663 27.35 131.646
66.908 28.187 130.664
67.726 29.423 130.259
68.847 29.315 129.804
65.63 28.591 131.401
64.589 29.078 130.391
64.01 28.214 129.602
64.3 30.256 130.318
67.165 30.595 130.408
67.894 31.838 130.021
68.533 32.463 131.261
68.203 33.562 131.66
66.817 32.755 129.445
66.15 32.068 128.283
64.839 31.733 128.045
66.86 31.631 127.176
65.981 31.064 126.329
64.735 31.098 126.81
69.335 31.705 131.954
69.865 32.182 133.263
71.317 32.649 133.109
72.244 31.883 133.285
69.789 30.953 134.17
68.334 30.488 134.272
70.31 31.306 135.564
68.284 29.094 134.905
71.524 33.878 132.71
72.92 34.351 132.464
73.115 35.792 132.939
72.187 36.459 133.334
73.102 34.259 130.95
74.567 34.515 130.592
72.697 32.861 130.473
74.311 36.299 132.818
74.556 37.727 133.164
75.09 38.475 131.928
76.268 38.737 131.802
75.58 37.684 134.316
76.995 37.708 133.785
77.483 36.638 133.025
77.819 38.81 134.049
78.792 36.669 132.529
79.127 38.843 133.553
79.615 37.773 132.793
74.181 38.8 131.049
74.535 39.527 129.81
74.623 41.021 130.095
74.19 41.846 129.314
73.376 39.225 128.876
72.212 38.924 129.772
72.747 38.519 131.125
75.035 41.353 131.273
74.998 42.775 131.706
76.416 43.349 131.788
77.166 43.029 132.688
74.34 42.735 133.086
74.628 44.033 133.841
72.827 42.57 132.919
76.727 44.187 130.838
78.061 44.831 130.793
78.148 45.909 131.873
77.369 45.924 132.8
78.121 45.44 129.395
76.694 45.642 128.993
75.87 44.612 129.723
79.066 46.824 131.754
79.15 47.914 132.771
78.385 49.152 132.272
77.188 49.255 132.451
80.644 48.2 132.929
81.362 46.905 133.318
80.852 49.241 134.031
82.872 47.097 133.184
79.025 50.02 131.532
78.277 51.146 130.896
77.407 51.872 131.926
76.271 52.211 131.661
77.403 50.486 129.827
76.938 51.544 128.823
76.34 52.517 129.253
77.186 51.362 127.643
77.941 52.15 133.083
77.158 52.889 134.104
76.745 54.261 133.561
77.446 54.858 132.768
78.12 53.031 135.28
79.389 53.759 134.833
80.428 53.697 135.953
80.866 54.806 136.482
80.846 52.627 136.352
75.542 54.681 133.848
75.01 55.914 133.196
75.633 57.17 133.813
75.49 58.259 133.292
73.503 55.884 133.455
72.624 56.281 131.921
76.34 57.034 134.902
76.981 58.233 135.516
78.207 58.643 134.696
78.757 59.712 134.873
77.388 57.813 136.932
78.59 56.866 136.868
76.219 57.106 137.623
79.734 57.448 137.701
78.63 57.804 133.79
79.798 58.133 132.949
79.34 58.764 131.632
80.138 59.106 130.783
80.464 56.786 132.696
81.134 56.294 133.979
81.329 57.104 134.87
81.439 55.116 134.051
78.055 58.91 131.453
77.539 59.509 130.19
76.864 60.847 130.496
75.646 60.9 130.439
77.576 61.794 130.785
