69.51 28.084 105.133
68.217 27.455 105.522
67.022 28.261 105.029
65.965 28.28 105.664
68.144 27.293 107.042
69.059 26.231 107.577
70.433 26.309 107.372
68.547 25.145 108.276
71.282 25.322 107.853
69.39 24.152 108.763
70.76 24.241 108.55
67.204 28.928 103.893
66.148 29.724 103.279
66.025 29.282 101.826
67.025 29.18 101.111
66.49 31.215 103.335
66.819 31.745 104.726
65.689 31.554 105.725
64.561 32.022 105.452
65.934 30.941 106.789
64.801 29.009 101.394
64.587 28.577 100.027
63.299 29.143 99.479
62.515 29.744 100.213
63.077 28.955 98.185
61.866 29.459 97.553
61.098 28.345 96.867
60.589 28.519 95.763
62.209 30.556 96.543
62.79 31.792 97.202
62.092 32.405 98.039
63.944 32.146 96.885
61.024 27.198 97.535
60.309 26.043 97.018
59.229 25.624 98.003
59.363 25.842 99.205
61.265 24.87 96.812
62.424 25.022 95.829
63.155 23.689 95.726
61.906 25.455 94.463
58.151 25.04 97.489
57.066 24.556 98.331
56.854 23.099 97.946
57.49 22.61 97.017
55.782 25.35 98.091
55.136 25.113 96.739
53.726 25.671 96.711
53.015 25.309 95.42
51.602 25.772 95.434
55.984 22.398 98.66
55.725 21.005 98.327
54.723 20.991 97.184
53.828 21.836 97.125
55.139 20.242 99.525
56.071 20.142 100.708
55.977 20.821 101.894
57.243 19.321 100.81
57.806 19.554 102.087
57.873 18.414 99.946
57.014 20.472 102.724
58.972 18.91 102.521
59.037 17.774 100.378
59.572 18.027 101.654
54.877 20.039 96.271
53.95 19.932 95.158
52.794 18.982 95.465
51.849 18.873 94.687
54.692 19.528 93.885
55.384 20.674 93.214
55.394 21.998 93.501
56.184 20.52 92.103
56.659 21.697 91.736
56.195 22.611 92.568
52.868 18.292 96.6
51.782 17.412 97.007
51.232 17.949 98.322
51.906 18.717 99.006
52.257 15.966 97.16
53.454 15.8 98.041
53.587 15.23 99.262
54.715 16.213 97.672
55.575 15.901 98.625
54.916 15.304 99.6
50.008 17.566 98.67
49.394 18.049 99.9
49.318 17.04 101.034
49.12 17.424 102.184
48.001 18.597 99.607
48.015 19.881 98.843
49.045 20.642 98.402
46.862 20.53 98.452
47.182 21.636 97.804
48.5 21.728 97.76
49.447 15.757 100.715
49.418 14.724 101.742
50.873 14.489 102.141
51.564 13.634 101.585
48.753 13.442 101.206
49.339 12.97 99.874
49.494 11.652 99.728
49.628 13.776 98.982
51.33 15.287 103.103
52.71 15.233 103.577
52.945 14.179 104.65
52.081 13.928 105.484
53.138 16.617 104.109
52.997 17.65 102.987
54.574 16.568 104.626
53.451 19.037 103.357
54.119 13.56 104.621
54.441 12.534 105.598
55.624 12.925 106.481
56.502 13.706 106.081
54.763 11.172 104.914
53.592 10.722 104.042
55.948 11.294 104.115
55.64 12.382 107.693
56.728 12.671 108.612
57.109 11.446 109.419
56.277 10.594 109.735
56.374 13.828 109.561
55.291 13.533 110.579
53.949 13.737 110.277
55.613 13.088 111.867
52.953 13.517 111.228
54.623 12.866 112.821
53.296 13.087 112.495
52.305 12.912 113.439
58.387 11.38 109.745
58.933 10.288 110.504
59.679 10.821 111.72
60.575 11.645 111.59
59.876 9.486 109.603
60.649 8.39 110.274
60.186 7.506 111.204
62.005 8.019 110.004
62.299 6.892 110.807
63.002 8.525 109.157
61.172 6.599 111.53
63.548 6.262 110.788
64.244 7.899 109.139
64.505 6.776 109.951
59.283 10.365 112.903
59.96 10.754 114.127
61.038 9.685 114.249
60.763 8.564 114.66
59.009 10.697 115.341
57.833 11.649 115.11
59.758 11.087 116.609
56.721 11.5 116.106
62.259 10.036 113.863
63.374 9.102 113.877
63.858 8.702 115.27
64.062 7.519 115.536
64.54 9.679 113.065
65.81 8.849 113.134
67.006 9.537 112.492
66.762 10.235 111.395
68.141 9.434 112.978
64.066 9.681 116.145
64.515 9.397 117.504
63.9 10.386 118.483
63.238 11.341 118.068
66.042 9.423 117.594
66.631 10.77 117.242
67.909 10.774 116.88
65.957 11.798 117.31
64.128 10.163 119.779
63.539 11.006 120.822
64.501 11.716 121.746
65.681 11.396 121.808
62.592 10.166 121.693
61.389 9.623 120.957
61.476 8.467 120.178
60.172 10.293 121.008
60.374 8.0 119.469
59.078 9.839 120.306
59.182 8.698 119.539
58.084 8.292 118.837
63.969 12.693 122.471
64.742 13.43 123.46
64.6 12.64 124.753
63.646 11.882 124.92
64.173 14.826 123.675
64.731 15.394 124.844
65.529 12.821 125.677
65.459 12.085 126.925
64.587 12.788 127.971
64.154 12.167 128.939
66.884 11.859 127.459
67.799 11.117 126.464
69.207 10.871 126.996
69.33 10.501 128.182
70.189 11.031 126.237
64.301 14.069 127.751
63.519 14.87 128.693
62.029 14.589 128.821
61.417 14.946 129.826
63.657 16.355 128.367
65.084 16.774 128.149
65.993 16.132 128.718
65.291 17.76 127.417
61.426 13.985 127.808
59.996 13.736 127.862
59.625 12.322 127.447
60.35 11.668 126.703
59.274 14.744 126.964
59.41 16.228 127.329
58.952 17.103 126.185
58.584 16.513 128.574
58.493 11.818 127.952
58.07 10.464 127.588
57.739 10.482 126.092
57.305 11.511 125.566
56.828 10.25 128.448
57.029 11.174 129.599
57.59 12.397 128.962
57.931 9.358 125.412
57.661 9.313 123.978
56.217 9.633 123.615
55.961 10.226 122.575
58.084 7.961 123.411
59.563 7.723 123.628
60.064 6.476 122.953
61.506 6.346 123.137
62.234 5.347 122.652
61.649 4.384 121.949
63.544 5.314 122.867
55.274 9.256 124.47
53.871 9.552 124.201
53.642 11.073 124.226
52.814 11.601 123.489
52.98 8.861 125.237
54.378 11.774 125.082
54.245 13.227 125.175
54.838 13.9 123.93
54.277 14.87 123.4
54.95 13.777 126.459
54.999 15.309 126.443
54.204 13.303 127.688
55.969 13.374 123.469
56.63 13.916 122.295
55.781 13.689 121.044
55.557 14.616 120.27
58.035 13.292 122.121
58.917 13.705 123.307
58.657 13.73 120.789
60.329 13.165 123.274
55.298 12.465 120.85
54.469 12.168 119.685
53.317 13.17 119.602
53.086 13.784 118.564
53.891 10.748 119.764
54.946 9.662 119.593
56.089 9.967 119.188
54.619 8.484 119.853
52.612 13.337 120.716
51.46 14.232 120.801
51.785 15.693 120.526
51.004 16.396 119.894
50.812 14.099 122.181
49.611 15.003 122.354
48.584 14.769 121.692
49.688 15.953 123.152
52.935 16.152 121.008
53.356 17.536 120.805
53.576 17.805 119.319
53.156 18.838 118.797
54.648 17.819 121.586
54.249 16.877 118.645
54.501 17.017 117.216
53.183 16.988 116.433
52.98 17.783 115.516
55.431 15.901 116.722
56.867 16.073 117.146
57.408 17.34 117.318
57.685 14.973 117.341
58.752 17.507 117.678
59.032 15.133 117.701
59.564 16.396 117.868
52.289 16.08 116.815
50.997 15.94 116.156
50.175 17.217 116.281
49.519 17.642 115.327
50.235 14.769 116.751
50.207 17.826 117.464
49.465 19.055 117.687
50.139 20.214 116.952
49.478 21.162 116.535
49.349 19.353 119.191
48.421 18.387 119.93
48.231 18.747 121.404
49.47 18.634 122.168
50.164 19.671 122.631
49.732 20.91 122.416
51.305 19.471 123.287
51.453 20.14 116.787
52.165 21.199 116.079
51.763 21.169 114.592
51.588 22.214 113.97
53.687 21.021 116.247
51.605 19.968 114.033
51.193 19.815 112.632
49.729 20.209 112.438
49.366 20.79 111.414
51.386 18.367 112.154
52.791 18.045 111.744
53.433 18.797 110.767
53.472 16.99 112.326
54.739 18.503 110.373
54.781 16.687 111.939
55.414 17.448 110.958
48.889 19.891 113.42
47.471 20.224 113.33
47.246 21.727 113.195
46.272 22.153 112.592
46.73 19.695 114.542
48.137 22.533 113.764
47.996 23.983 113.668
47.984 24.422 112.206
47.188 25.265 111.797
49.155 24.698 114.367
49.26 24.748 115.894
50.469 25.598 116.255
48.001 25.342 116.513
48.884 23.842 111.425
49.013 24.196 110.026
47.955 23.571 109.126
47.419 24.237 108.244
50.413 23.831 109.534
51.513 24.569 110.249
52.445 24.037 111.1
51.827 25.964 110.138
52.965 26.203 110.942
51.259 27.036 109.435
53.32 25.012 111.517
53.548 27.472 111.059
51.838 28.297 109.553
52.972 28.503 110.359
47.645 22.3 109.351
46.648 21.63 108.531
45.274 22.22 108.782
44.34 21.959 108.031
46.618 20.127 108.823
46.132 19.877 110.124
45.148 23.022 109.833
43.864 23.627 110.151
43.552 24.843 109.28
42.393 25.187 109.091
43.817 24.013 111.62
44.579 25.492 108.745
44.366 26.67 107.909
44.765 26.451 106.455
44.898 27.405 105.691
45.144 27.891 108.456
44.557 28.32 109.784
46.617 27.546 108.623
44.958 25.195 106.072
45.339 24.879 104.703
44.76 23.53 104.301
44.171 22.831 105.125
46.879 24.805 104.536
47.538 26.087 105.021
47.39 23.686 105.273
44.904 23.157 103.017
44.392 21.875 102.527
45.4 20.75 102.768
45.19 19.619 102.336
44.174 22.145 101.042
45.304 23.059 100.717
45.298 24.023 101.887
46.496 21.075 103.451
47.539 20.1 103.753
47.104 19.116 104.832
46.29 19.44 105.693
48.808 20.805 104.233
49.491 21.847 103.342
50.606 22.524 104.124
50.043 21.196 102.097
47.646 17.908 104.764
47.363 16.875 105.752
48.711 16.294 106.134
49.67 16.379 105.36
46.481 15.746 105.19
45.088 16.267 104.862
47.094 15.203 104.014
48.79 15.707 107.323
50.044 15.139 107.787
49.864 13.718 108.286
49.026 13.441 109.145
50.63 16.046 108.87
50.935 17.434 108.375
52.108 17.693 107.676
50.011 18.461 108.536
52.357 18.952 107.139
50.249 19.725 108.004
51.423 19.972 107.304
50.66 12.819 107.726
50.595 11.41 108.07
51.915 10.939 108.638
52.984 11.228 108.09
50.245 10.569 106.822
50.277 9.081 107.135
48.935 10.931 106.373
51.83 10.214 109.745
53.015 9.679 110.394
53.362 8.32 109.802
52.508 7.442 109.71
52.78 9.534 111.899
53.998 9.01 112.63
53.758 8.843 114.113
54.959 8.34 114.776
55.013 7.974 116.051
53.931 8.058 116.811
56.147 7.506 116.56
54.618 8.156 109.399
55.092 6.901 108.823
56.344 6.469 109.579
56.842 7.212 110.424
55.403 7.059 107.311
54.147 7.523 106.573
56.539 8.045 107.109
56.859 5.278 109.282
58.033 4.791 109.995
59.27 4.449 109.17
60.097 3.64 109.591
57.634 3.596 110.863
56.57 3.952 111.873
55.23 4.056 111.498
56.912 4.261 113.191
54.256 4.465 112.41
55.949 4.67 114.108
54.626 4.772 113.712
53.68 5.193 114.616
59.414 5.075 108.01
60.574 4.816 107.174
61.231 6.128 106.766
60.664 7.2 106.972
60.166 4.018 105.933
59.238 4.737 105.143
62.426 6.033 106.187
63.188 7.198 105.739
62.537 7.862 104.529
63.027 8.879 104.04
64.613 6.79 105.35
65.408 6.045 106.418
64.757 4.721 106.797
65.661 3.839 107.528
65.274 2.728 108.145
63.997 2.372 108.12
66.161 1.965 108.777
61.441 7.282 104.048
60.739 7.804 102.876
59.838 9.008 103.127
59.35 9.627 102.181
59.909 6.695 102.227
60.766 5.584 101.665
61.681 5.891 100.871
60.525 4.409 102.013
59.612 9.337 104.392
58.768 10.476 104.738
59.332 11.776 104.159
60.528 11.868 103.859
58.656 10.591 106.254
58.468 12.776 103.996
58.91 14.07 103.491
59.619 14.808 104.609
60.669 15.387 104.403
57.732 14.931 103.033
56.953 14.302 101.918
57.577 13.931 100.907
55.72 14.185 102.053
59.031 14.798 105.798
59.638 15.496 106.923
60.198 14.523 107.95
59.448 13.831 108.635
58.612 16.435 107.598
58.129 17.477 106.581
59.241 17.114 108.817
57.004 18.367 107.073
61.522 14.453 108.032
62.172 13.577 108.992
62.581 14.415 110.2
63.232 15.456 110.064
63.41 12.891 108.391
64.133 12.076 109.464
62.984 11.982 107.243
62.183 13.943 111.378
62.445 14.624 112.633
63.482 13.906 113.486
63.442 12.693 113.648
61.145 14.735 113.448
60.077 15.427 112.603
61.406 15.473 114.755
58.685 15.344 113.17
64.414 14.656 114.045
65.407 14.028 114.89
65.998 14.991 115.905
66.009 16.206 115.694
66.536 13.443 114.043
67.428 14.481 113.409
68.723 13.89 112.901
68.908 13.917 111.591
69.551 13.411 113.678
66.482 14.423 117.005
67.124 15.18 118.062
68.611 14.873 117.953
68.998 13.728 117.747
66.613 14.74 119.444
65.164 15.056 119.69
64.157 14.272 119.131
64.807 16.148 120.475
62.817 14.572 119.352
63.466 16.458 120.701
62.471 15.671 120.141
69.45 15.889 118.082
70.879 15.655 118.006
71.642 16.63 118.878
71.083 17.631 119.324
72.912 16.332 119.138
73.756 17.205 119.95
75.038 17.489 119.174
75.653 16.574 118.615
74.109 16.56 121.326
72.844 16.252 122.083
74.918 15.292 121.134
75.427 18.76 119.139
76.618 19.184 118.411
76.548 18.659 116.974
75.538 18.843 116.289
77.868 18.664 119.111
77.619 18.006 116.53
77.699 17.437 115.189
76.657 16.34 115.076
76.668 15.409 115.874
79.078 16.815 114.972
80.209 17.511 115.722
80.512 18.892 115.178
81.379 19.584 115.757
79.888 19.284 114.167
75.768 16.418 114.092
74.748 15.385 113.979
74.392 14.949 112.571
73.257 14.536 112.317
73.473 15.827 114.688
72.928 17.118 114.175
72.023 17.379 113.203
73.354 18.341 114.644
72.734 19.302 113.982
71.922 18.744 113.102
75.341 15.042 111.647
75.048 14.601 110.297
75.221 15.634 109.213
76.066 15.481 108.34
74.399 16.674 109.24
74.512 17.721 108.242
75.734 18.551 108.587
76.57 18.132 109.389
73.267 18.6 108.231
72.828 19.006 109.617
73.684 19.394 110.439
71.613 18.942 109.872
75.845 19.73 107.996
77.008 20.546 108.278
76.753 21.721 109.194
77.52 22.684 109.184
75.688 21.649 109.991
75.344 22.731 110.908
75.153 22.235 112.335
74.033 22.165 112.838
74.078 23.436 110.425
74.181 23.932 109.003
73.949 23.076 107.927
74.536 25.253 108.728
74.065 23.524 106.609
74.658 25.712 107.415
74.42 24.843 106.362
74.528 25.293 105.062
76.26 21.895 113.014
76.212 21.401 114.394
75.532 22.381 115.335
75.505 23.579 115.073
77.685 21.194 114.739
78.37 22.238 113.916
77.653 22.113 112.589
74.971 21.866 116.422
74.306 22.721 117.388
75.351 23.306 118.335
76.498 22.863 118.354
73.238 21.937 118.158
72.012 21.625 117.346
71.262 22.649 116.778
71.59 20.309 117.165
70.102 22.369 116.04
70.432 20.019 116.43
69.688 21.052 115.868
74.943 24.29 119.127
75.848 24.979 120.031
75.677 24.718 121.535
75.941 25.608 122.346
75.723 26.478 119.769
74.284 26.937 119.799
73.464 26.193 120.358
73.962 28.025 119.284
75.249 23.52 121.921
75.085 23.236 123.341
73.943 24.014 123.976
73.094 24.524 123.276
73.923 24.122 125.299
72.851 24.832 126.002
72.539 26.207 125.424
73.445 26.975 125.118
73.209 24.984 127.484
72.02 25.232 128.396
71.101 24.017 128.419
69.925 24.219 129.353
70.371 24.435 130.752
71.25 26.504 125.278
70.777 27.787 124.756
71.311 28.198 123.394
71.999 27.438 122.727
71.068 28.895 125.763
70.304 28.712 127.046
69.058 28.796 127.011
70.947 28.47 128.09
70.992 29.422 122.99
71.431 29.904 121.695
70.472 29.395 120.637
69.28 29.693 120.691
70.987 28.625 119.684
70.166 28.058 118.622
69.394 26.885 119.22
69.996 25.979 119.775
71.057 27.56 117.483
70.323 27.068 116.233
69.618 28.248 115.564
71.313 26.409 115.271
68.071 26.881 119.097
67.272 25.8 119.673
67.026 24.638 118.712
66.907 23.477 119.129
65.93 26.349 120.158
65.981 27.58 121.077
64.565 27.997 121.447
66.791 27.275 122.329
66.956 24.958 117.426
66.703 23.963 116.4
66.824 24.626 115.039
67.11 25.815 114.943
65.297 23.398 116.575
66.627 23.842 113.988
66.656 24.361 112.636
65.982 23.372 111.699
65.985 22.168 111.956
68.099 24.705 112.191
69.055 23.55 112.164
68.92 22.281 111.712
70.369 23.671 112.567
71.002 22.531 112.365
70.145 21.671 111.846
65.367 23.887 110.637
64.672 23.049 109.659
65.052 23.46 108.242
65.547 24.563 108.026
63.163 23.158 109.853
64.822 22.569 107.279
65.156 22.847 105.884
63.906 23.012 105.033
62.891 22.346 105.27
66.013 21.724 105.303
67.299 21.491 106.042
67.328 20.696 107.184
68.483 22.059 105.594
68.524 20.466 107.87
69.682 21.839 106.267
69.703 21.039 107.41
63.967 23.908 104.027
62.861 24.203 103.103
62.454 22.97 102.299
63.231 22.018 102.164
63.434 25.292 102.195
64.542 25.894 102.997
65.156 24.708 103.684
61.233 22.981 101.745
60.718 21.861 100.949
61.71 21.371 99.891
62.473 22.147 99.325
59.445 22.441 100.334
58.968 23.371 101.408
60.243 24.072 101.82
61.688 20.071 99.631
62.584 19.5 98.645
62.908 18.059 98.978
62.355 17.505 99.926
63.801 17.42 98.211
64.188 16.025 98.445
65.32 15.876 99.472
65.972 16.855 99.837
64.613 15.563 97.057
65.288 16.788 96.526
64.34 17.902 96.926
65.542 14.646 99.93
66.605 14.374 100.884
66.466 15.066 102.223
65.399 15.077 102.803
67.548 15.648 102.719
67.515 16.336 104.0
66.558 17.537 103.966
66.139 18.048 105.009
68.929 16.809 104.385
68.946 17.268 105.84
69.376 17.929 103.447
70.323 17.634 106.334
66.212 17.975 102.76
65.304 19.1 102.578
63.967 18.794 103.241
63.442 17.705 103.097
65.103 19.366 101.081
65.534 20.754 100.637
66.996 21.044 100.939
67.73 20.022 101.362
67.459 22.173 100.787
63.416 19.759 103.967
62.147 19.537 104.637
62.279 18.891 106.009
61.283 18.719 106.708
63.496 18.532 106.405
63.712 17.903 107.711
63.813 18.92 108.844
64.156 20.076 108.621
64.974 17.038 107.687
64.834 15.835 106.774
63.724 15.612 106.26
65.824 15.104 106.576
63.513 18.476 110.062
63.559 19.341 111.239
64.389 18.706 112.35
64.107 17.588 112.79
62.142 19.616 111.729
65.407 19.431 112.805
66.304 18.945 113.847
66.241 19.782 115.123
66.248 21.008 115.063
67.736 18.938 113.313
67.906 18.147 112.053
67.1 17.239 111.453
69.025 18.248 111.258
68.902 17.439 110.221
67.742 16.816 110.316
66.193 19.115 116.275
66.133 19.814 117.559
67.378 19.555 118.402
67.834 18.414 118.51
64.884 19.389 118.342
63.602 19.576 117.579
63.234 18.678 116.581
62.79 20.683 117.816
62.075 18.882 115.826
61.636 20.899 117.071
61.275 19.998 116.073
67.928 20.619 118.987
69.109 20.503 119.837
68.73 19.883 121.185
68.024 20.498 121.988
69.729 21.876 120.082
71.037 21.788 120.84
71.305 20.732 121.441
71.798 22.767 120.836
69.208 18.67 121.436
68.88 17.994 122.676
69.781 18.386 123.847
69.827 17.692 124.849
68.881 16.473 122.468
68.015 15.737 123.497
67.013 16.317 123.968
68.321 14.574 123.822
70.513 19.488 123.715
71.331 19.969 124.823
70.458 20.966 125.57
70.817 21.459 126.634
72.605 20.664 124.342
73.809 19.738 124.348
73.806 18.762 125.124
74.766 19.989 123.591
69.303 21.255 124.982
68.341 22.172 125.567
67.446 21.345 126.464
67.323 20.14 126.271
67.477 22.81 124.475
68.262 23.464 123.363
68.931 24.732 123.805
69.277 24.846 124.996
69.119 25.62 122.959
66.831 21.99 127.447
65.898 21.311 128.331
64.529 21.445 127.653
64.001 22.549 127.519
65.887 21.982 129.71
64.85 21.473 130.714
65.072 20.004 130.986
64.947 22.273 132.008
63.974 20.328 127.197
62.678 20.347 126.531
61.549 20.08 127.503
61.614 19.147 128.301
62.628 19.319 125.384
63.52 19.686 124.252
64.688 19.072 123.893
63.396 20.834 123.402
64.531 20.855 122.562
62.438 21.85 123.273
65.302 19.77 122.885
64.736 21.854 121.605
62.646 22.845 122.319
63.787 22.837 121.499
60.504 20.897 127.406
59.347 20.791 128.272
58.102 21.243 127.505
58.08 21.195 126.28
59.568 21.682 129.492
58.635 21.392 130.505
57.068 21.667 128.233
55.819 22.16 127.645
55.18 23.125 128.635
55.367 22.992 129.837
54.836 21.018 127.391
55.168 19.921 126.378
54.139 18.817 126.51
55.202 20.494 124.967
54.421 24.088 128.132
53.748 25.037 129.003
54.639 26.04 129.713
55.759 26.294 129.285
54.123 26.618 130.795
54.861 27.597 131.588
55.917 26.863 132.398
55.743 25.688 132.729
53.909 28.339 132.537
52.925 29.266 131.838
51.935 29.898 132.805
51.002 28.859 133.402
49.866 29.485 134.138
57.008 27.548 132.721
58.061 26.911 133.491
59.403 27.007 132.798
59.496 27.528 131.689
60.449 26.5 133.439
61.779 26.564 132.848
61.886 25.585 131.676
61.097 24.654 131.561
62.851 26.279 133.917
63.213 24.832 134.11
62.0 23.953 134.238
61.944 22.903 133.427
61.117 24.211 135.054
62.866 25.794 130.808
63.005 24.931 129.653
62.266 25.565 128.487
61.669 26.627 128.637
62.301 24.921 127.328
61.637 25.454 126.141
60.474 24.563 125.714
60.552 23.343 125.812
62.646 25.56 125.0
63.773 26.534 125.256
63.586 27.905 125.079
65.036 26.084 125.66
64.626 28.807 125.291
66.091 26.98 125.878
65.879 28.339 125.691
66.911 29.229 125.892
59.393 25.165 125.238
58.248 24.376 124.799
58.555 23.638 123.501
58.781 24.262 122.468
57.026 25.268 124.581
55.9 24.491 124.195
58.563 22.311 123.557
58.825 21.508 122.373
57.72 21.758 121.345
57.979 21.792 120.149
58.874 20.022 122.734
59.158 19.078 121.559
60.518 19.417 120.974
59.117 17.618 122.012
56.495 21.936 121.836
55.319 22.195 121.01
55.44 23.476 120.178
55.242 23.455 118.958
54.069 22.27 121.907
52.85 22.84 121.225
52.243 22.168 120.167
52.322 24.064 121.632
51.128 22.706 119.518
51.211 24.611 120.993
50.611 23.929 119.929
55.756 24.587 120.837
55.892 25.861 120.148
57.084 25.912 119.202
57.002 26.511 118.132
55.998 27.009 121.155
54.739 27.366 121.951
55.033 28.532 122.908
53.615 27.734 120.982
58.198 25.299 119.591
59.379 25.309 118.738
59.157 24.41 117.524
59.61 24.715 116.427
60.643 24.855 119.513
61.838 24.75 118.562
60.953 25.867 120.636
58.446 23.307 117.725
58.159 22.386 116.629
57.296 23.084 115.583
57.54 22.962 114.387
57.44 21.146 117.155
56.288 23.814 116.048
55.385 24.531 115.161
56.162 25.495 114.278
55.859 25.64 113.101
54.34 25.283 115.97
57.169 26.142 114.858
58.009 27.094 114.14
58.849 26.371 113.091
58.899 26.785 111.939
58.934 27.812 115.123
59.8 28.858 114.49
61.049 28.788 113.972
59.4 30.169 114.344
60.367 30.86 113.767
61.377 30.045 113.531
59.512 25.292 113.497
60.346 24.523 112.583
59.522 23.952 111.432
59.961 23.972 110.285
61.058 23.374 113.311
62.029 23.804 114.41
62.758 25.1 114.095
63.3 25.234 112.987
62.793 25.984 114.967
58.336 23.437 111.735
57.482 22.889 110.691
57.04 23.998 109.732
56.699 23.728 108.587
56.262 22.184 111.293
56.608 21.005 112.173
57.865 20.398 112.094
55.678 20.509 113.087
58.192 19.319 112.916
55.988 19.424 113.918
57.243 18.826 113.838
57.041 25.241 110.208
56.685 26.355 109.352
57.748 26.442 108.263
57.438 26.584 107.082
59.011 26.353 108.666
60.119 26.382 107.718
60.04 25.195 106.761
60.171 25.352 105.554
61.46 26.317 108.446
61.859 27.6 109.095
62.362 27.859 110.323
61.769 28.816 108.452
62.197 29.769 109.258
62.563 29.214 110.399
59.838 24.007 107.32
59.754 22.78 106.545
58.665 22.838 105.468
58.673 22.045 104.535
59.511 21.606 107.484
57.73 23.773 105.612
56.646 23.935 104.647
56.921 25.103 103.694
56.093 25.422 102.844
55.307 24.158 105.367
54.789 23.03 106.266
53.461 23.421 106.888
54.629 21.766 105.447
58.077 25.743 103.852
58.444 26.847 102.983
58.411 28.268 103.528
58.891 29.19 102.868
57.855 28.463 104.719
57.777 29.804 105.29
59.123 30.347 105.711
59.989 29.598 106.156
56.853 29.828 106.508
55.352 29.682 106.281
54.639 29.943 107.588
54.88 30.664 105.212
59.294 31.656 105.558
60.517 32.323 105.98
60.188 33.05 107.289
59.046 33.026 107.751
60.99 33.338 104.933
61.553 32.678 103.687
62.184 31.602 103.799
61.381 33.247 102.59
61.19 33.687 107.883
60.995 34.418 109.128
60.103 35.634 108.947
60.096 36.257 107.89
62.345 34.843 109.699
63.056 33.747 110.43
62.579 32.692 111.134
64.429 33.66 110.493
64.768 32.596 111.199
63.664 31.992 111.598
59.348 35.953 109.992
58.441 37.09 109.989
59.09 38.264 110.708
60.02 38.081 111.489
57.139 36.716 110.696
56.288 37.836 110.831
58.601 39.468 110.437
59.132 40.664 111.075
58.175 41.125 112.166
58.454 42.076 112.893
59.334 41.775 110.039
58.154 42.003 109.294
57.043 40.436 112.264
56.023 40.725 113.264
56.399 40.007 114.564
56.415 38.778 114.63
54.637 40.234 112.792
53.578 40.582 113.816
54.304 40.849 111.455
56.696 40.775 115.62
57.08 40.22 116.92
56.156 39.157 117.503
56.626 38.199 118.098
57.176 41.461 117.802
57.628 42.513 116.837
56.73 42.248 115.656
54.849 39.316 117.336
53.907 38.343 117.881
53.612 37.163 116.957
52.82 36.289 117.297
52.597 39.029 118.276
52.18 40.147 117.341
52.947 41.437 117.59
53.148 42.204 116.626
53.336 41.69 118.752
54.257 37.125 115.798
54.037 36.029 114.867
54.868 34.826 115.303
55.952 34.986 115.861
54.429 36.452 113.456
54.354 33.625 115.049
55.06 32.399 115.396
56.378 32.281 114.639
57.336 31.699 115.139
54.186 31.183 115.084
54.819 29.794 115.255
55.205 29.584 116.704
53.851 28.711 114.802
56.425 32.836 113.431
57.632 32.763 112.62
58.678 33.816 112.953
59.679 33.946 112.256
57.286 32.817 111.13
56.562 31.575 110.616
57.267 29.973 111.16
58.852 29.969 110.37
58.45 34.571 114.022
59.433 35.561 114.443
60.679 34.746 114.812
60.583 33.744 115.515
58.921 36.336 115.653
59.721 37.578 115.957
59.747 38.654 115.064
60.464 37.674 117.128
60.495 39.791 115.334
61.215 38.804 117.409
61.228 39.858 116.512
61.973 40.976 116.801
61.863 35.172 114.347
63.148 34.501 114.591
63.624 34.301 116.028
64.649 33.659 116.258
64.129 35.342 113.773
63.542 36.703 113.85
62.072 36.447 113.634
62.87 34.827 116.986
63.228 34.732 118.393
62.181 33.938 119.171
60.983 34.062 118.915
63.351 36.148 118.961
63.671 36.231 120.433
63.479 37.927 121.034
61.893 37.842 121.866
62.626 33.117 120.114
61.699 32.324 120.913
60.964 33.168 121.95
61.568 34.001 122.616
62.441 31.214 121.659
61.551 30.425 122.599
60.797 29.344 122.139
61.445 30.769 123.946
59.962 28.623 122.996
60.612 30.059 124.811
59.874 28.987 124.33
59.053 28.278 125.182
59.662 32.942 122.087
58.869 33.651 123.084
57.69 32.777 123.499
56.83 32.45 122.691
58.376 35.005 122.55
57.23 34.932 121.573
56.693 36.313 121.235
55.481 36.228 120.42
54.34 35.676 120.828
54.247 35.158 122.049
53.291 35.634 120.015
57.654 32.374 124.762
56.555 31.534 125.203
55.236 32.287 125.205
55.177 33.475 125.525
56.807 30.963 126.596
55.66 30.152 127.112
54.673 30.74 127.898
55.506 28.82 126.729
53.542 30.016 128.288
54.379 28.086 127.113
53.395 28.684 127.892
54.172 31.586 124.843
52.858 32.195 124.817
51.771 31.168 125.054
51.936 29.991 124.763
52.581 32.896 123.463
52.692 31.913 122.309
51.258 33.445 123.476
50.662 31.627 125.615
49.515 30.767 125.864
48.501 31.133 124.785
48.634 32.165 124.127
48.931 31.032 127.252
49.82 30.574 128.402
49.178 30.786 129.765
48.985 31.959 130.162
48.865 29.779 130.437
47.492 30.297 124.596
46.509 30.596 123.575
47.015 30.234 122.189
48.137 29.74 122.05
46.21 30.482 121.139
46.555 30.185 119.744
47.913 30.74 119.329
48.156 31.939 119.403
45.396 30.803 118.966
44.964 31.931 119.848
44.979 31.286 121.203
48.817 29.858 118.886
50.173 30.211 118.45
50.26 30.989 117.135
51.068 31.909 117.0
50.869 28.849 118.335
50.029 27.927 119.193
48.637 28.397 118.903
49.437 30.611 116.164
49.47 31.257 114.858
48.897 32.658 114.815
47.776 32.891 115.248
48.752 30.395 113.815
49.353 29.024 113.507
48.615 28.43 112.326
50.827 29.144 113.188
49.681 33.585 114.279
49.262 34.971 114.144
48.688 35.148 112.729
48.989 34.353 111.843
50.469 35.883 114.367
50.157 37.342 114.263
50.006 38.291 115.216
49.973 37.98 113.056
49.724 39.26 113.269
49.739 39.474 114.571
47.855 36.169 112.525
47.252 36.437 111.214
48.328 36.411 110.148
48.111 35.954 109.025
46.59 37.817 111.186
45.486 38.01 112.205
45.18 39.489 112.428
44.194 39.68 113.585
43.913 41.116 113.889
49.496 36.919 110.511
50.609 36.96 109.591
51.052 35.557 109.202
51.35 35.3 108.039
51.766 37.732 110.213
52.923 37.905 109.258
53.916 37.168 109.388
52.837 38.774 108.366
51.086 34.644 110.169
51.496 33.27 109.89
50.483 32.586 108.979
50.857 31.854 108.065
51.629 32.453 111.186
52.659 33.026 112.159
53.833 33.231 111.778
52.281 33.257 113.319
49.202 32.824 109.243
48.123 32.238 108.461
48.105 32.755 107.021
47.814 32.006 106.096
46.758 32.516 109.116
45.651 31.841 108.322
46.76 32.012 110.546
48.411 34.034 106.832
48.449 34.604 105.488
49.589 33.983 104.701
49.406 33.559 103.565
48.67 36.121 105.525
47.464 36.875 106.018
47.701 37.978 106.719
46.328 36.484 105.759
50.768 33.946 105.315
51.931 33.385 104.659
51.755 31.952 104.205
52.171 31.593 103.11
51.137 31.125 105.039
50.943 29.732 104.681
49.867 29.547 103.593
50.017 28.712 102.705
50.619 28.871 105.944
50.814 27.393 105.614
49.21 29.136 106.45
52.238 27.048 105.201
48.793 30.324 103.649
47.751 30.217 102.638
48.217 30.806 101.312
47.691 30.466 100.257
46.481 30.932 103.091
45.673 30.154 104.093
44.453 30.927 104.518
43.678 30.183 105.502
42.752 30.722 106.286
42.485 32.02 106.205
42.089 29.964 107.15
49.201 31.694 101.36
49.707 32.29 100.139
50.463 31.238 99.332
50.531 31.313 98.104
50.628 33.465 100.45
50.942 34.308 99.255
52.068 34.421 98.513
50.018 35.152 98.679
50.561 35.748 97.634
51.804 35.322 97.512
51.028 30.26 100.032
51.77 29.178 99.394
50.877 28.009 98.984
51.084 27.42 97.929
52.861 28.648 100.329
54.042 29.552 100.679
54.898 28.875 101.737
54.863 29.836 99.434
49.896 27.674 99.821
48.993 26.553 99.548
47.518 26.945 99.497
46.719 26.112 99.036
49.181 25.45 100.601
50.611 24.99 100.753
51.462 25.575 101.697
51.133 24.007 99.913
52.805 25.19 101.793
52.469 23.617 100.0
53.298 24.213 100.937
54.618 23.837 100.986
47.163 28.054 99.935
38.439 24.617 161.434
39.418 24.92 160.351
40.865 24.867 160.849
41.355 25.782 161.519
39.115 26.293 159.737
39.042 27.399 160.776
40.101 27.786 161.322
37.917 27.876 161.046
41.541 23.778 160.512
42.921 23.579 160.91
43.846 24.419 160.029
43.584 24.607 158.838
43.265 22.094 160.794
44.509 21.605 161.528
44.535 22.156 162.948
44.5 20.088 161.54
44.917 24.942 160.615
45.858 25.745 159.846
47.233 25.767 160.498
47.395 25.317 161.628
45.341 27.176 159.702
45.439 28.007 160.972
45.16 29.466 160.674
45.529 30.353 161.845
45.396 31.79 161.475
48.225 26.284 159.779
49.571 26.359 160.32
49.645 27.558 161.252
49.024 28.589 160.996
50.613 26.516 159.204
50.69 25.351 158.258
50.266 25.321 156.958
51.204 24.04 158.541
51.058 23.271 157.363
51.773 23.441 159.674
50.483 24.078 156.415
51.46 21.93 157.287
52.171 22.108 159.597
52.012 21.369 158.41
50.4 27.419 162.335
50.549 28.507 163.285
51.774 29.357 163.006
51.997 30.358 163.679
50.577 27.963 164.711
49.237 27.513 165.193
47.999 27.711 164.681
49.064 26.767 166.337
47.777 26.523 166.51
47.11 27.085 165.518
52.572 28.95 162.022
53.745 29.722 161.617
53.553 30.058 160.144
52.775 29.406 159.456
55.044 28.934 161.824
55.057 27.591 161.164
55.839 27.09 160.18
54.198 26.576 161.526
54.453 25.506 160.796
55.445 25.791 159.971
54.261 31.072 159.666
54.133 31.514 158.286
55.29 31.152 157.372
55.163 31.228 156.155
53.911 33.03 158.253
52.559 33.446 158.74
51.495 32.712 159.144
52.177 34.766 158.84
50.934 34.826 159.285
50.498 33.594 159.477
56.421 30.779 157.955
57.581 30.395 157.166
57.568 28.878 157.046
58.249 28.16 157.779
58.868 30.914 157.824
59.019 30.486 159.285
60.259 30.244 159.689
58.047 30.395 160.041
56.76 28.401 156.107
56.585 26.979 155.876
57.722 26.34 155.097
58.319 26.962 154.223
55.245 26.734 155.156
54.104 27.259 156.039
55.066 25.256 154.855
52.721 27.053 155.465
58.029 25.094 155.429
59.096 24.382 154.744
58.564 23.156 154.026
57.539 22.586 154.415
60.203 23.938 155.721
60.861 25.147 156.359
59.64 23.097 156.732
59.26 22.756 152.966
58.848 21.584 152.207
60.048 20.798 151.726
61.116 21.353 151.497
57.966 21.973 151.004
58.671 22.725 149.891
58.811 24.113 149.936
59.144 22.052 148.761
59.392 24.817 148.882
59.725 22.746 147.702
59.842 24.126 147.766
60.378 24.816 146.702
59.84 19.499 151.567
60.867 18.587 151.121
60.355 17.741 149.955
59.312 17.093 150.061
61.271 17.677 152.295
62.237 16.559 151.97
63.303 16.613 151.117
62.292 15.266 152.595
63.424 14.6 152.078
61.496 14.61 153.548
64.021 15.442 151.179
63.783 13.307 152.484
61.853 13.327 153.952
62.988 12.691 153.42
61.08 17.77 148.841
60.729 16.956 147.696
61.514 15.672 147.918
62.694 15.588 147.592
61.167 17.608 146.381
60.52 18.991 146.254
60.773 16.715 145.214
61.024 19.811 145.08
60.855 14.679 148.496
61.496 13.413 148.802
61.971 12.587 147.604
63.086 12.069 147.611
60.564 12.573 149.662
61.092 11.2 149.957
60.133 10.402 150.794
59.534 11.048 151.782
59.933 9.211 150.56
61.118 12.428 146.596
61.492 11.664 145.412
60.868 12.265 144.165
60.138 13.261 144.239
61.111 10.184 145.549
59.628 9.965 145.734
59.254 8.735 146.035
58.83 10.882 145.602
61.164 11.666 143.016
60.67 12.187 141.749
59.89 11.203 140.899
59.88 10.005 141.158
61.844 12.731 140.921
62.538 13.932 141.536
63.526 13.777 142.51
62.156 15.229 141.187
64.113 14.889 143.124
62.731 16.341 141.793
63.706 16.164 142.76
64.257 17.27 143.365
59.23 11.737 139.877
58.461 10.929 138.936
59.374 10.596 137.766
60.298 11.345 137.452
57.246 11.705 138.419
56.716 11.1 137.252
59.109 9.48 137.108
59.937 9.079 135.982
59.585 9.825 134.7
60.331 9.763 133.732
59.795 7.575 135.743
59.913 6.74 137.004
60.077 5.255 136.718
61.082 4.88 136.068
59.204 4.466 137.148
58.464 10.543 134.702
58.008 11.256 133.511
58.637 12.606 133.194
58.578 13.052 132.051
56.496 11.48 133.557
55.717 10.228 133.884
56.138 9.119 133.514
54.652 10.371 134.504
59.207 13.273 134.189
59.797 14.582 133.953
61.179 14.713 134.566
61.515 14.0 135.511
58.887 15.664 134.528
57.497 15.796 133.901
56.642 16.745 134.732
57.629 16.303 132.471
62.014 15.617 134.021
63.371 15.82 134.557
63.25 16.45 135.954
62.245 17.096 136.25
64.002 16.79 133.554
63.214 16.559 132.292
61.811 16.408 132.796
64.259 16.265 136.805
64.237 16.84 138.159
64.022 18.338 138.138
63.219 18.869 138.899
65.551 16.591 138.906
65.708 15.207 139.469
66.845 15.143 140.47
67.022 13.771 140.932
67.541 13.427 142.107
67.945 14.36 142.966
67.641 12.143 142.424
64.764 19.013 137.268
64.685 20.461 137.163
63.278 20.946 136.837
62.844 21.984 137.326
65.677 20.959 136.106
62.566 20.192 136.008
61.213 20.562 135.626
60.259 20.394 136.803
59.362 21.211 137.016
60.721 19.694 134.433
59.229 19.926 134.177
61.53 20.037 133.19
60.46 19.323 137.563
59.617 19.029 138.709
59.862 20.025 139.83
58.908 20.543 140.404
59.855 17.58 139.2
59.287 16.597 138.166
59.229 17.371 140.571
59.476 15.131 138.521
61.132 20.308 140.134
61.447 21.279 141.184
60.752 22.603 140.871
60.095 23.187 141.732
62.959 21.544 141.288
63.746 20.351 141.803
63.156 19.399 142.353
64.983 20.371 141.664
60.902 23.069 139.635
60.313 24.328 139.189
58.785 24.354 139.267
58.2 25.343 139.697
60.768 24.621 137.762
60.207 25.919 137.221
60.611 26.985 137.721
59.362 25.87 136.297
58.135 23.276 138.85
56.679 23.204 138.907
56.174 23.343 140.347
55.184 24.034 140.601
56.196 21.882 138.315
56.831 22.668 141.289
56.425 22.758 142.694
56.67 24.172 143.226
55.871 24.709 143.99
57.182 21.737 143.559
56.731 20.304 143.363
55.409 20.007 143.025
57.628 19.251 143.516
54.995 18.679 142.841
57.224 17.927 143.337
55.907 17.641 142.998
57.772 24.783 142.807
58.093 26.136 143.246
57.061 27.149 142.738
56.664 28.06 143.467
59.49 26.521 142.77
56.628 26.993 141.49
55.642 27.906 140.917
54.274 27.638 141.531
53.451 28.544 141.661
55.596 27.761 139.388
56.888 28.201 138.707
56.812 28.138 137.181
56.746 26.768 136.685
55.666 26.213 136.15
54.548 26.912 136.03
55.701 24.946 135.753
54.036 26.392 141.927
52.768 26.03 142.552
52.66 26.677 143.941
51.572 27.056 144.369
52.656 24.52 142.66
53.787 26.795 144.645
53.798 27.427 145.97
53.719 28.942 145.832
53.101 29.613 146.652
55.072 27.069 146.759
55.008 25.734 147.446
53.976 25.449 148.333
55.974 24.764 147.204
53.904 24.22 148.972
55.917 23.527 147.836
54.879 23.251 148.724
54.356 29.481 144.802
54.344 30.921 144.576
52.93 31.466 144.36
52.661 32.629 144.658
55.222 31.268 143.39
52.029 30.636 143.841
50.652 31.075 143.615
50.02 31.481 144.934
49.343 32.5 145.03
49.797 29.958 143.01
49.951 29.56 141.539
48.945 28.468 141.23
49.718 30.754 140.63
50.245 30.664 145.951
49.68 30.913 147.265
50.397 31.995 148.064
49.752 32.844 148.674
49.652 29.609 148.053
48.796 28.553 147.417
49.214 27.369 146.885
47.366 28.55 147.33
46.986 27.32 146.747
46.366 29.464 147.695
48.133 26.619 146.483
45.644 26.977 146.522
45.029 29.122 147.471
44.684 27.889 146.892
51.724 31.979 148.063
52.474 32.986 148.808
52.241 34.372 148.221
52.6 35.381 148.827
53.967 32.675 148.776
54.465 32.773 147.457
51.641 34.418 147.039
51.379 35.683 146.374
50.16 36.38 146.949
50.054 37.6 146.875
51.187 35.457 144.883
49.238 35.611 147.519
48.031 36.196 148.089
47.926 36.035 149.606
46.838 36.144 150.173
46.761 35.601 147.435
46.728 35.952 145.959
46.735 34.099 147.614
49.057 35.774 150.257
49.098 35.611 151.711
50.484 35.975 152.241
51.424 36.166 151.466
48.815 34.159 152.139
47.492 33.677 151.587
49.872 33.313 151.672
50.624 36.084 153.576
51.909 36.423 154.199
52.81 35.19 154.341
53.889 35.259 154.928
51.491 36.993 155.548
50.313 36.136 155.894
49.542 36.096 154.582
52.357 34.064 153.796
53.111 32.813 153.85
54.301 32.796 152.897
54.253 33.384 151.817
52.21 31.634 153.485
50.92 31.386 154.263
50.115 30.308 153.547
51.241 30.971 155.697
55.37 32.123 153.307
56.55 31.968 152.468
56.822 30.469 152.444
56.361 29.731 153.321
57.786 32.697 153.018
57.478 34.161 153.235
58.199 32.092 154.25
57.561 30.02 151.438
57.858 28.603 151.289
59.338 28.362 151.045
59.91 28.853 150.079
57.01 28.041 150.147
55.531 28.101 150.419
54.916 27.141 151.229
54.761 29.15 149.924
53.56 27.231 151.541
53.404 29.249 150.231
52.803 28.291 151.04
59.951 27.596 151.938
61.375 27.302 151.858
61.629 25.824 151.638
61.05 24.977 152.317
62.075 27.739 153.149
63.567 27.461 153.091
61.867 29.138 153.328
62.502 25.521 150.688
62.831 24.138 150.385
63.963 23.657 151.284
64.973 24.341 151.435
63.248 23.996 148.919
63.532 22.559 148.524
64.052 22.459 147.121
64.381 21.083 146.772
64.905 20.721 145.61
65.158 21.637 144.689
65.174 19.447 145.372
63.784 22.486 151.888
64.795 21.904 152.76
64.951 20.447 152.345
64.24 19.988 151.456
64.384 22.006 154.252
64.096 23.462 154.6
63.158 21.135 154.537
65.864 19.717 152.982
66.1 18.321 152.613
65.991 17.297 153.735
66.644 16.254 153.696
67.475 18.19 151.956
67.634 19.05 150.728
67.8 20.43 150.837
67.567 18.492 149.451
67.891 21.233 149.703
67.658 19.285 148.313
67.82 20.652 148.445
67.919 21.438 147.319
65.162 17.576 154.731
65.006 16.641 155.834
63.549 16.412 156.178
62.667 17.155 155.75
65.751 17.144 157.077
65.274 18.414 157.49
63.319 15.376 156.973
61.99 14.999 157.418
61.395 16.078 158.325
60.264 15.949 158.781
62.071 13.676 158.176
60.957 12.699 157.863
61.049 11.467 158.757
59.974 10.514 158.49
59.694 9.466 159.26
58.698 8.651 158.937
60.406 9.237 160.357
62.16 17.135 158.583
61.707 18.233 159.438
60.784 19.198 158.706
60.165 20.065 159.326
62.894 19.043 159.971
63.908 18.195 160.698
63.505 17.346 161.523
65.116 18.393 160.451
60.706 19.065 157.389
59.864 19.948 156.594
58.408 19.808 157.005
57.983 18.743 157.453
60.019 19.62 155.116
57.644 20.886 156.865
56.226 20.835 157.207
55.486 20.055 156.128
54.62 19.24 156.417
55.625 22.24 157.298
56.279 23.087 158.365
56.422 22.601 159.505
56.643 24.242 158.066
55.836 20.312 154.875
55.183 19.646 153.76
56.138 18.694 153.058
57.096 19.114 152.411
54.64 20.692 152.748
53.611 21.587 153.449
54.032 19.995 151.53
53.139 22.769 152.625
55.883 17.405 153.207
56.711 16.408 152.567
55.991 15.939 151.31
54.826 15.535 151.358
56.977 15.221 153.498
57.737 14.136 152.75
57.773 15.694 154.713
56.698 16.015 150.187
56.165 15.636 148.886
56.749 14.334 148.381
57.949 14.096 148.491
56.472 16.714 147.857
55.919 18.059 148.348
55.912 16.306 146.503
56.377 19.259 147.543
55.903 13.481 147.82
56.4 12.23 147.291
55.511 11.625 146.226
54.304 11.856 146.204
56.599 11.209 148.412
55.328 10.614 148.956
55.589 9.395 149.828
55.392 9.55 151.134
55.972 8.329 149.334
56.141 10.859 145.339
55.463 10.147 144.274
55.414 8.685 144.681
56.389 8.16 145.202
56.237 10.257 142.959
56.265 11.642 142.386
57.172 12.581 142.852
55.371 12.012 141.388
57.191 13.874 142.334
55.379 13.306 140.865
56.288 14.237 141.338
54.283 8.028 144.446
54.17 6.626 144.795
53.143 5.9 143.951
52.352 6.535 143.26
53.168 4.572 143.988
52.206 3.764 143.247
51.547 2.773 144.203
52.21 2.174 145.055
52.875 2.967 142.109
53.593 3.913 141.17
53.832 1.943 142.686
50.238 2.607 144.061
49.498 1.69 144.912
49.826 1.959 146.379
49.761 3.106 146.836
49.845 0.256 144.543
50.179 0.902 147.105
50.521 1.002 148.523
51.81 1.802 148.647
52.839 1.399 148.108
50.756 -0.391 149.113
49.929 -1.502 148.484
48.452 -1.388 148.8
47.671 -2.226 148.296
48.074 -0.464 149.555
51.776 2.922 149.36
52.989 3.723 149.488
53.334 4.246 150.89
54.057 5.231 151.019
52.935 4.898 148.5
51.733 5.777 148.671
51.536 6.874 149.438
50.526 5.519 148.056
49.638 6.416 148.441
50.225 7.248 149.281
52.831 3.601 151.94
53.154 4.07 153.28
51.972 4.307 154.198
51.827 3.621 155.209
51.138 5.289 153.875
49.968 5.563 154.692
48.969 4.438 154.475
49.323 3.368 153.982
49.343 6.899 154.299
49.366 7.138 152.797
49.119 6.191 152.023
49.623 8.286 152.395
47.719 4.666 154.837
46.732 3.62 154.641
45.836 3.952 153.474
44.705 3.478 153.39
46.359 4.768 152.566
45.597 5.2 151.409
46.309 4.931 150.089
46.907 5.825 149.503
45.285 6.69 151.545
44.636 7.044 152.867
45.334 6.907 154.07
43.318 7.492 152.922
44.736 7.204 155.29
42.711 7.794 154.14
43.426 7.647 155.317
42.835 7.947 156.519
46.255 3.686 149.604
46.918 3.366 148.335
46.253 4.029 147.128
45.07 4.372 147.167
46.838 1.843 148.28
45.59 1.533 149.067
45.706 2.475 150.238
47.023 4.225 146.062
46.475 4.825 144.851
45.81 3.733 144.017
46.02 2.546 144.261
47.568 5.547 144.055
48.019 6.842 144.687
47.108 7.871 144.919
49.349 7.029 145.058
47.511 9.069 145.511
49.765 8.221 145.65
48.842 9.245 145.877
45.017 4.142 143.032
44.259 3.209 142.203
44.731 2.976 140.768
43.924 2.646 139.909
42.808 3.674 142.164
42.698 5.131 141.81
43.709 5.661 141.331
41.631 5.75 141.995
46.02 3.128 140.499
46.493 2.905 139.146
46.142 4.064 138.237
45.789 5.131 138.723
46.217 3.849 136.925
45.936 4.895 135.943
44.565 5.565 136.087
43.545 4.901 136.239
46.1 4.322 134.535
45.992 5.346 133.426
46.258 4.704 132.077
46.044 5.691 130.936
44.634 6.176 130.859
44.561 6.892 136.034
43.347 7.692 136.166
42.642 7.509 137.506
43.099 6.765 138.363
42.367 7.376 135.035
42.877 7.826 133.684
43.081 9.045 133.491
43.078 6.954 132.814
41.509 8.181 137.67
40.774 8.091 138.912
41.335 9.123 139.864
41.355 10.31 139.549
41.792 8.678 141.03
42.376 9.585 142.015
43.771 9.971 141.52
44.593 9.106 141.265
42.493 8.878 143.359
42.94 9.772 144.507
41.855 10.797 144.779
43.205 8.927 145.746
44.047 11.262 141.397
45.346 11.7 140.884
46.4 11.897 141.965
47.593 11.658 141.749
45.177 13.002 140.095
44.127 12.97 138.979
44.11 14.305 138.252
44.425 11.823 138.013
45.948 12.331 143.131
46.83 12.585 144.255
45.974 12.896 145.472
44.751 12.932 145.378
47.717 13.768 143.942
46.622 13.104 146.613
45.927 13.458 147.84
46.898 14.097 148.822
48.086 13.786 148.818
45.218 12.237 148.451
46.126 11.11 148.838
47.343 11.101 149.434
45.771 9.787 148.673
46.73 9.013 149.151
47.695 9.786 149.619
46.386 15.015 149.637
47.191 15.727 150.615
46.511 15.689 151.981
45.342 15.313 152.091
47.386 17.165 150.169
47.248 16.076 153.02
46.712 16.081 154.373
46.712 17.491 154.932
47.6 18.286 154.632
47.532 15.162 155.29
47.565 13.731 154.839
48.483 13.308 153.881
46.668 12.806 155.358
48.51 11.984 153.447
46.685 11.48 154.93
47.609 11.069 153.972
45.703 17.818 155.761
45.535 19.135 156.399
46.693 19.452 157.355
47.364 18.544 157.851
44.211 18.998 157.151
43.517 17.859 156.47
44.626 16.901 156.165
46.929 20.745 157.633
48.005 21.193 158.527
48.077 20.402 159.834
47.054 19.982 160.374
47.668 22.66 158.756
47.036 23.056 157.463
46.13 21.889 157.16
49.294 20.207 160.334
49.49 19.459 161.563
50.851 18.786 161.573
51.653 19.026 160.671
51.145 17.935 162.574
52.428 17.233 162.685
52.463 15.901 161.947
51.423 15.356 161.592
52.572 17.049 164.189
51.173 16.742 164.588
50.356 17.76 163.808
53.665 15.379 161.721
53.803 14.1 161.046
53.338 14.098 159.605
53.602 15.036 158.868
52.633 13.048 159.202
52.147 12.941 157.832
51.194 14.085 157.479
50.921 14.343 156.309
51.44 11.59 157.613
51.2 11.365 156.119
50.131 11.561 158.386
50.62 10.012 155.789
50.704 14.781 158.498
49.79 15.901 158.298
50.459 16.998 157.482
51.576 17.367 157.768
49.359 16.457 159.654
47.864 16.383 159.914
47.323 14.967 159.86
48.215 13.993 159.727
46.116 14.751 159.94
49.774 17.524 156.472
50.364 18.568 155.65
51.149 18.047 154.45
51.606 18.835 153.619
51.308 16.727 154.354
52.049 16.115 153.253
51.203 15.996 151.974
49.971 16.042 152.029
52.557 14.73 153.668
53.613 14.794 154.764
53.978 15.912 155.16
54.08 13.73 155.22
51.872 15.836 150.831
51.197 15.722 149.536
51.803 14.586 148.728
53.004 14.569 148.483
51.326 17.027 148.771
50.968 13.639 148.314
51.424 12.481 147.555
50.786 12.427 146.168
49.591 12.668 146.016
51.092 11.215 148.334
51.623 11.212 149.736
52.599 11.944 150.325
51.16 10.349 150.704
51.827 10.546 151.826
52.706 11.508 151.623
51.594 12.105 145.16
51.128 12.046 143.776
51.227 10.65 143.185
52.257 9.993 143.293
51.929 13.027 142.912
51.907 14.444 143.421
52.747 14.84 144.459
51.017 15.374 142.887
52.704 16.143 144.961
50.962 16.685 143.38
51.806 17.071 144.418
50.144 10.204 142.555
50.094 8.877 141.941
50.944 8.843 140.673
50.604 9.46 139.67
48.66 8.502 141.583
48.546 7.08 141.116
49.567 6.496 140.725
47.442 6.53 141.132
52.039 8.101 140.722
52.943 8.02 139.593
52.522 6.977 138.56
53.328 6.553 137.739
54.36 7.745 140.098
55.424 8.234 139.147
55.153 9.165 138.359
56.546 7.7 139.204
51.274 6.529 138.627
50.772 5.589 137.631
50.123 6.478 136.57
49.739 6.016 135.504
49.729 4.635 138.212
50.304 3.27 138.551
51.334 2.884 137.963
49.709 2.571 139.399
50.008 7.763 136.89
49.441 8.755 135.987
50.56 9.285 135.099
51.725 9.238 135.477
48.874 9.931 136.778
47.935 9.526 137.894
46.627 8.986 137.377
46.617 8.36 136.293
45.607 9.185 138.06
50.207 9.795 133.924
51.204 10.366 133.026
51.312 11.837 133.399
50.379 12.603 133.16
50.758 10.242 131.568
51.617 10.985 130.532
53.062 10.519 130.627
51.064 10.74 129.131
52.434 12.23 133.998
52.618 13.622 134.401
53.267 14.435 133.299
54.23 14.003 132.665
53.454 13.723 135.694
52.752 13.143 136.87
53.051 11.979 137.511
51.546 13.636 137.469
51.165 12.708 138.464
50.744 14.769 137.255
52.101 11.708 138.467
50.012 12.876 139.248
49.591 14.935 138.034
49.241 13.99 139.016
52.731 15.63 133.092
53.218 16.521 132.061
52.924 17.953 132.496
52.677 18.207 133.676
52.497 16.187 130.747
53.111 16.799 129.634
52.954 18.881 131.543
52.68 20.294 131.8
52.044 20.901 130.558
52.335 20.471 129.453
53.972 21.049 132.105
54.744 20.758 133.401
56.029 21.56 133.386
53.904 21.118 134.638
51.181 21.898 130.739
50.545 22.557 129.602
49.475 21.767 128.864
48.885 20.835 129.409
49.207 22.158 127.621
48.217 21.473 126.795
48.804 20.142 126.355
50.029 19.997 126.286
47.879 22.314 125.56
47.094 23.564 125.878
46.828 24.41 124.647
48.099 25.058 124.149
47.812 26.127 123.147
47.94 19.18 126.044
48.42 17.877 125.623
47.925 16.758 126.521
47.238 17.01 127.515
48.268 15.519 126.181
47.828 14.384 126.978
48.582 14.369 128.311
49.614 15.024 128.456
48.024 13.073 126.2
49.371 12.436 126.354
50.489 13.421 126.157
51.368 13.52 127.144
50.568 14.09 125.131
48.05 13.635 129.284
48.672 13.586 130.592
48.05 14.651 131.473
47.238 15.452 131.01
48.433 14.672 132.744
47.896 15.643 133.692
48.964 16.653 134.05
50.138 16.304 134.13
47.421 14.924 134.962
46.248 13.989 134.746
44.957 14.49 134.602
46.429 12.61 134.675
43.871 13.647 134.397
45.342 11.747 134.467
44.064 12.281 134.329
42.974 11.463 134.1
48.56 17.901 134.271
49.505 18.955 134.627
49.974 18.806 136.066
49.185 18.953 136.997
48.864 20.331 134.464
49.799 21.357 134.756
51.253 18.512 136.255
51.785 18.373 137.604
51.624 19.71 138.329
51.285 19.746 139.507
53.265 17.972 137.556
53.993 17.751 138.889
53.311 16.631 139.67
55.457 17.409 138.628
51.853 20.803 137.605
51.741 22.152 138.152
50.369 22.429 138.749
50.257 22.821 139.916
52.035 23.181 137.057
51.661 24.592 137.421
52.306 25.261 138.456
50.666 25.259 136.714
51.966 26.58 138.782
50.319 26.573 137.03
50.974 27.236 138.07
49.329 22.234 137.942
47.958 22.472 138.381
47.512 21.55 139.51
46.858 21.997 140.452
46.985 22.34 137.201
47.038 23.424 136.122
45.965 23.156 135.086
46.843 24.793 136.748
47.846 20.266 139.417
47.464 19.326 140.466
48.211 19.629 141.773
47.659 19.469 142.862
47.733 17.866 140.043
47.353 16.905 141.173
46.913 17.538 138.809
49.457 20.079 141.66
50.254 20.411 142.834
49.636 21.599 143.566
49.548 21.615 144.795
51.701 20.743 142.421
49.21 22.597 142.802
48.611 23.787 143.378
47.363 23.413 144.168
47.09 23.992 145.22
48.27 24.788 142.274
46.612 22.442 143.658
45.397 21.98 144.321
45.763 21.246 145.615
45.192 21.519 146.673
44.616 21.041 143.395
43.328 20.544 143.976
43.044 19.429 144.691
42.138 21.23 143.847
41.177 20.557 144.454
41.699 19.461 144.976
46.714 20.317 145.529
47.15 19.566 146.708
47.71 20.486 147.785
47.431 20.301 148.966
48.217 18.53 146.341
47.744 17.435 145.406
46.298 17.071 145.636
45.914 16.813 146.79
45.539 17.043 144.654
48.504 21.473 147.382
49.079 22.396 148.348
47.975 23.229 148.981
48.155 23.801 150.055
50.124 23.308 147.688
51.322 22.571 147.14
51.587 21.252 147.518
52.175 23.189 146.23
52.682 20.56 146.989
53.272 22.507 145.695
53.525 21.193 146.072
46.829 23.288 148.31
45.703 24.038 148.833
45.208 23.328 150.076
44.922 23.953 151.096
45.11 22.008 149.98
44.689 21.186 151.102
45.736 21.262 152.215
45.407 21.507 153.371
44.537 19.731 150.668
43.325 19.474 149.834
43.164 18.781 148.683
42.076 19.944 150.178
41.198 19.551 149.274
41.833 18.844 148.357
46.998 21.053 151.85
48.099 21.082 152.802
48.15 22.374 153.606
48.822 22.433 154.634
49.424 20.868 152.075
47.45 23.407 153.139
47.424 24.683 153.849
46.121 24.869 154.627
45.947 25.868 155.323
47.613 25.856 152.887
48.951 25.959 152.146
48.96 27.227 151.301
50.11 25.979 153.132
45.208 23.91 154.504
43.957 23.998 155.234
42.673 24.146 154.437
41.588 23.994 154.989
42.772 24.438 153.147
41.575 24.601 152.325
40.826 23.305 152.034
41.427 22.25 151.85
41.925 25.26 150.991
42.4 26.711 151.009
42.551 27.189 149.581
41.397 27.589 151.747
39.5 23.396 152.003
38.66 22.248 151.684
38.213 22.438 150.232
38.553 23.442 149.592
37.422 22.186 152.595
37.767 21.848 154.046
38.706 21.05 154.273
37.084 22.365 154.963
37.452 21.482 149.713
36.967 21.565 148.342
35.985 22.704 148.128
35.224 23.062 149.028
36.312 20.248 147.944
37.294 19.186 147.573
38.532 19.27 147.036
37.039 17.843 147.741
38.079 17.144 147.325
38.998 17.986 146.892
36.013 23.274 146.927
35.115 24.365 146.566
33.957 23.8 145.763
34.05 22.703 145.213
35.846 25.417 145.726
34.953 26.426 145.281
32.862 24.553 145.715
31.672 24.149 144.973
31.62 24.91 143.644
30.789 24.627 142.782
30.414 24.431 145.806
30.416 25.759 146.311
32.52 25.878 143.495
32.613 26.679 142.282
33.418 25.873 141.257
34.639 25.731 141.384
33.33 28.015 142.569
33.395 28.862 141.307
32.606 28.761 143.691
32.739 25.326 140.231
33.348 24.518 139.166
34.614 25.06 138.505
35.396 24.287 137.955
32.2 24.343 138.173
31.014 24.261 139.078
31.281 25.415 140.033
34.818 26.373 138.544
36.016 26.946 137.94
37.059 27.369 138.971
38.023 28.06 138.646
35.662 28.135 137.041
34.714 29.151 137.651
33.266 28.9 137.27
32.399 29.699 137.684
32.994 27.907 136.556
36.859 26.964 140.22
37.811 27.283 141.278
38.867 26.181 141.281
38.561 25.018 140.984
37.105 27.337 142.632
40.107 26.543 141.605
41.191 25.569 141.648
40.886 24.445 142.629
41.261 23.295 142.402
42.502 26.248 142.048
43.718 25.338 142.279
44.048 24.554 141.013
44.908 26.19 142.704
40.197 24.772 143.719
39.871 23.764 144.717
38.688 22.862 144.381
38.301 22.021 145.193
39.657 24.418 146.085
40.933 24.997 146.691
42.36 23.881 146.543
41.836 22.484 147.532
38.119 23.026 143.19
37.006 22.18 142.769
37.558 20.749 142.79
38.658 20.498 142.31
36.55 22.57 141.356
35.227 21.951 140.953
34.035 22.33 141.577
35.173 20.947 139.986
32.824 21.719 141.25
33.971 20.33 139.655
32.803 20.717 140.29
31.628 20.08 139.969
36.797 19.792 143.34
37.177 18.376 143.455
37.462 17.536 142.212
37.89 16.383 142.329
36.033 17.783 144.277
34.869 18.597 143.833
35.43 20.002 143.846
37.225 18.078 141.028
37.469 17.303 139.819
38.52 17.987 138.965
38.61 19.208 138.96
36.156 17.127 139.05
35.093 16.379 139.863
33.548 16.039 138.978
33.899 14.421 138.287
39.328 17.205 138.256
40.386 17.789 137.423
39.891 18.45 136.132
38.997 17.941 135.456
41.432 16.73 137.066
42.541 17.261 136.179
43.549 18.077 136.695
42.557 16.984 134.809
44.547 18.607 135.866
43.548 17.509 133.973
44.537 18.319 134.508
45.499 18.848 133.679
40.496 19.583 135.795
40.155 20.32 134.582
41.316 21.241 134.201
41.662 22.147 134.96
38.891 21.137 134.809
41.916 21.016 133.03
43.037 21.847 132.587
42.612 23.261 132.226
41.517 23.474 131.723
43.761 21.219 131.387
44.871 22.085 130.837
44.635 22.967 129.783
46.13 22.075 131.427
45.636 23.828 129.334
47.138 22.933 130.986
46.89 23.811 129.941
43.489 24.226 132.48
43.193 25.618 132.17
44.47 26.415 131.96
45.515 26.082 132.515
42.377 26.297 133.309
43.132 26.236 134.638
42.153 27.674 132.979
44.376 27.458 131.143
45.505 28.338 130.877
45.237 29.605 131.68
44.133 29.793 132.186
45.593 28.67 129.384
45.967 27.493 128.49
46.103 27.888 127.024
45.082 28.269 126.41
47.235 27.822 126.488
46.234 30.471 131.8
46.041 31.692 132.561
46.066 31.428 134.057
46.241 30.281 134.475
45.887 32.468 134.893
45.888 32.363 136.361
44.969 31.258 136.882
43.769 31.248 136.605
45.444 33.753 136.806
44.594 34.224 135.655
45.427 33.803 134.473
45.533 30.312 137.648
44.843 29.16 138.246
43.87 29.482 139.381
42.786 28.891 139.475
45.997 28.284 138.747
47.172 28.722 137.93
46.984 30.207 137.866
44.271 30.405 140.25
43.456 30.778 141.401
42.207 31.588 141.084
42.271 32.661 140.479
44.3 31.55 142.419
45.449 30.793 143.08
46.049 31.651 144.19
44.934 29.481 143.649
41.064 31.064 141.505
39.811 31.76 141.299
39.613 32.67 142.507
40.151 32.4 143.588
38.662 30.761 141.191
37.332 31.404 140.963
36.589 31.541 139.838
36.626 32.031 141.967
35.504 32.524 141.472
35.459 32.241 140.182
38.859 33.751 142.33
38.627 34.678 143.428
38.062 33.973 144.658
38.15 34.491 145.767
37.717 35.822 142.972
38.355 36.668 141.865
37.589 37.956 141.584
38.32 38.811 140.549
37.72 40.171 140.38
37.501 32.783 144.46
36.964 31.998 145.565
38.127 31.365 146.337
38.102 31.288 147.571
36.032 30.905 145.038
35.52 29.999 146.138
36.053 28.882 146.286
34.593 30.408 146.866
39.144 30.915 145.601
40.324 30.305 146.204
41.088 31.354 147.007
41.591 31.077 148.098
41.258 29.737 145.128
40.608 28.653 144.293
40.086 27.671 144.868
40.632 28.779 143.05
41.178 32.56 146.459
41.893 33.637 147.127
41.203 34.051 148.426
41.87 34.444 149.392
42.018 34.863 146.209
42.85 35.939 146.887
42.654 34.454 144.893
39.872 33.964 148.445
39.103 34.323 149.633
39.341 33.309 150.732
39.656 33.665 151.863
37.602 34.372 149.331
37.199 35.607 148.564
36.182 35.471 147.721
37.778 36.681 148.743
39.177 32.038 150.391
39.373 30.98 151.364
40.737 31.015 152.03
40.851 30.821 153.241
41.778 31.269 151.246
43.125 31.305 151.796
43.317 32.597 152.587
44.034 32.625 153.588
44.195 31.186 150.666
45.546 30.783 151.262
44.318 32.488 149.913
45.558 29.373 151.853
42.654 33.658 152.134
42.725 34.967 152.782
42.006 34.908 154.128
42.32 35.666 155.047
42.048 36.03 151.909
42.937 37.185 151.471
43.845 36.769 150.334
44.726 37.85 149.901
44.306 38.991 149.362
43.009 39.211 149.186
45.188 39.91 148.988
41.033 34.004 154.221
40.235 33.818 155.428
41.029 33.144 156.538
40.835 33.448 157.713
38.997 32.972 155.112
38.118 32.713 156.297
37.906 31.588 157.022
37.331 33.69 156.871
36.673 33.178 157.896
37.005 31.904 158.01
41.924 32.233 156.158
42.747 31.495 157.118
44.012 32.232 157.548
44.367 32.218 158.721
43.136 30.124 156.542
42.02 29.121 156.224
42.6 27.921 155.494
41.337 28.676 157.507
44.693 32.872 156.605
45.932 33.581 156.92
45.855 35.082 156.659
46.801 35.794 157.063
47.105 32.984 156.123
47.261 31.49 156.3
46.614 30.596 155.446
48.004 30.968 157.366
46.695 29.215 155.649
48.092 29.592 157.578
47.433 28.721 156.718
47.496 27.36 156.932
44.864 35.527 156.044
71.413 25.14 121.665
63.107 15.17 103.757
67.687 17.476 126.44
57.389 24.336 131.008
65.323 29.14 114.074
65.268 30.026 116.452
67.389 31.754 119.271
66.274 30.187 117.629
66.882 29.18 118.067
64.019 29.134 116.841
68.279 33.067 118.969
63.038 29.608 117.942
69.263 33.407 120.153
69.119 32.883 117.677
67.424 34.373 118.736
62.295 30.885 117.488
61.951 28.564 118.122
64.851 27.958 113.673
64.213 27.793 112.689
66.093 29.344 115.298
66.35 31.137 122.996
65.083 30.177 113.358
66.491 31.847 120.586
66.45 31.428 118.131
65.406 32.468 120.589
67.003 31.196 121.667
63.267 29.95 112.382
70.729 19.617 111.673
41.603 20.86 107.667
45.25 7.241 139.948
54.013 17.086 157.486
54.046 8.303 135.827
50.701 18.541 128.694
53.492 38.165 150.097
41.894 15.346 145.441
41.287 15.047 142.944
39.558 12.636 140.307
41.103 13.852 141.935
42.049 13.051 141.732
42.395 16.088 142.486
38.064 12.068 140.55
42.202 16.892 141.164
37.671 10.934 139.534
37.918 11.501 141.991
36.936 13.161 140.404
40.988 17.843 141.282
43.397 17.813 140.945
43.101 15.578 145.982
43.304 16.343 146.865
41.674 14.384 144.328
40.752 12.702 136.573
40.878 16.003 145.917
39.789 13.241 138.843
39.91 13.731 141.312
39.414 14.401 138.55
40.416 12.393 137.981
41.275 17.84 146.537
49.676 8.887 150.296
56.995 17.921 96.14
56.87 18.582 90.415
50.921 22.489 96.419
52.957 12.041 116.137
49.226 13.404 112.556
60.17 4.215 113.98
58.587 7.014 115.292
65.295 7.257 120.405
57.979 5.727 117.915
61.756 9.877 125.515
58.454 6.855 127.071
50.275 10.441 122.477
55.278 7.063 126.543
45.881 15.698 122.389
52.144 16.494 124.475
48.38 16.148 113.137
47.341 22.271 121.211
51.666 21.908 124.829
45.806 26.797 113.582
47.043 17.179 110.619
41.594 23.567 106.694
43.961 20.34 105.825
49.364 12.911 104.335
49.177 9.855 111.408
57.185 8.107 113.191
51.253 9.646 116.663
56.922 8.73 101.984
63.09 12.42 103.873
59.941 14.152 100.157
56.901 12.608 98.5
70.118 14.389 108.156
73.852 13.594 117.386
74.083 20.414 120.913
76.248 14.005 117.78
71.699 14.944 110.281
78.432 18.341 111.53
75.605 18.864 112.249
65.759 26.751 110.354
61.912 15.434 101.221
64.469 12.077 98.818
67.365 14.751 108.625
65.856 12.461 105.207
67.629 24.639 127.665
53.389 24.883 133.848
51.613 25.829 131.53
50.505 31.197 136.475
59.242 23.42 132.602
64.674 28.352 131.418
66.159 25.939 129.659
58.837 25.317 128.952
53.372 24.644 125.318
62.131 28.235 104.517
56.644 33.927 107.571
56.828 39.659 107.746
58.791 32.739 117.544
66.292 32.682 114.288
52.849 33.406 118.492
56.442 35.249 118.352
59.332 33.793 126.661
46.526 37.51 114.77
54.832 34.703 109.52
45.873 28.448 97.477
52.106 25.451 162.757
51.102 26.318 167.875
47.734 34.009 159.841
60.317 27.514 146.861
61.472 23.563 144.309
66.399 14.925 149.889
64.85 17.232 147.313
60.964 7.915 148.51
61.356 7.072 144.041
62.401 12.111 136.745
56.086 6.461 135.385
66.979 17.779 135.834
64.533 23.652 138.613
60.935 29.269 136.385
58.3 23.513 135.522
58.245 29.246 145.388
53.514 30.754 139.864
53.453 29.741 136.903
48.564 34.049 142.813
56.949 31.429 147.112
52.273 39.562 147.763
54.579 35.721 151.192
58.105 32.269 149.264
59.625 29.594 154.497
63.745 27.746 148.959
63.912 24.339 144.017
63.774 19.112 148.87
65.313 13.049 157.092
60.965 22.491 159.169
56.54 16.675 157.926
66.201 11.386 155.25
54.53 9.056 154.663
55.037 3.104 145.929
53.996 0.84 145.922
56.078 0.717 148.547
53.679 7.411 152.678
49.724 1.457 152.163
49.326 3.982 150.548
46.202 0.833 136.125
38.602 9.525 136.215
54.023 18.711 159.706
55.863 15.629 163.76
52.591 10.981 161.536
55.862 13.242 157.045
54.34 11.753 153.786
48.871 4.037 141.58
47.215 9.463 133.451
47.008 25.477 120.702
50.264 24.639 126.956
46.668 19.14 128.889
45.122 15.259 128.545
51.57 16.588 127.129
45.451 12.416 128.248
40.064 12.132 132.917
50.54 23.541 133.215
45.448 17.802 130.938
32.586 28.259 147.755
45.079 38.24 157.288
